round_id,round_number,seed_index,mode,model_name,training_round_count,training_analyzed_seed_count,training_cell_count,policy_name,samples_per_round,budget,episode_seed,executed_queries,score,weighted_kl,mean_prediction_entropy,mean_ground_truth_entropy,argmax_agreement_rate,predicted_class_mass,ground_truth_class_mass,residual_class_mass,support_full_pct,support_structural_pct,support_terrain_pct,support_global_pct,full_bucket_count_p10,full_bucket_count_p50,full_bucket_count_p90,visualization_seconds,top_kl_cells,report_path,manifest_path
36e581f1-73f8-453f-ab98-cbe3052b701b,7,0,online_interactive,ffam_mode_v13,3,0,0,exploration_r3,2,50,0,48,39.42158438173752,0.3102855642463172,0.6220999514219023,0.35544029787751563,0.8925,"[0.672446109849353, 0.07089534891059909, 0.014319739878408398, 0.014130343599879462, 0.19680449722555177, 0.03140396053620691]","[0.6570999999999998, 0.1309906249999998, 0.008953125000000001, 0.008475, 0.17198124999999956, 0.0225]","[0.015346109849353251, -0.06009527608940071, 0.005366614878408397, 0.005655343599879462, 0.02482324722555221, 0.008903960536206908]",,,,,,,,,"[{""ground_truth_class_index"": 1, ""ground_truth_class_name"": ""settlement"", ""kl"": 1.3897172685138857, ""predicted_class_index"": 4, ""predicted_class_name"": ""forest"", ""x"": 13, ""y"": 12}, {""ground_truth_class_index"": 1, ""ground_truth_class_name"": ""settlement"", ""kl"": 1.3695525275624982, ""predicted_class_index"": 0, ""predicted_class_name"": ""empty"", ""x"": 10, ""y"": 5}, {""ground_truth_class_index"": 1, ""ground_truth_class_name"": ""settlement"", ""kl"": 1.2698625404229964, ""predicted_class_index"": 0, ""predicted_class_name"": ""empty"", ""x"": 9, ""y"": 6}, {""ground_truth_class_index"": 1, ""ground_truth_class_name"": ""settlement"", ""kl"": 1.2631626744775177, ""predicted_class_index"": 0, ""predicted_class_name"": ""empty"", ""x"": 14, ""y"": 34}, {""ground_truth_class_index"": 2, ""ground_truth_class_name"": ""port"", ""kl"": 1.2331256994921223, ""predicted_class_index"": 0, ""predicted_class_name"": ""empty"", ""x"": 12, ""y"": 12}, {""ground_truth_class_index"": 1, ""ground_truth_class_name"": ""settlement"", ""kl"": 1.176469664450353, ""predicted_class_index"": 0, ""predicted_class_name"": ""empty"", ""x"": 19, ""y"": 29}, {""ground_truth_class_index"": 1, ""ground_truth_class_name"": ""settlement"", ""kl"": 1.0994115829277191, ""predicted_class_index"": 0, ""predicted_class_name"": ""empty"", ""x"": 17, ""y"": 2}, {""ground_truth_class_index"": 1, ""ground_truth_class_name"": ""settlement"", ""kl"": 1.0365198148540542, ""predicted_class_index"": 0, ""predicted_class_name"": ""empty"", ""x"": 36, ""y"": 23}, {""ground_truth_class_index"": 1, ""ground_truth_class_name"": ""settlement"", ""kl"": 1.0172996217334058, ""predicted_class_index"": 0, ""predicted_class_name"": ""empty"", ""x"": 12, ""y"": 11}, {""ground_truth_class_index"": 1, ""ground_truth_class_name"": ""settlement"", ""kl"": 0.9929193573715172, ""predicted_class_index"": 4, ""predicted_class_name"": ""forest"", ""x"": 13, ""y"": 11}]",,
36e581f1-73f8-453f-ab98-cbe3052b701b,7,1,online_interactive,ffam_mode_v13,3,0,0,exploration_r3,2,50,0,48,42.060751069740874,0.2886850529234142,0.6404036468032496,0.41736986747650334,0.895625,"[0.683167971797159, 0.07472140575849857, 0.014278659155648086, 0.014849226208437863, 0.1845436939416731, 0.028439043138583614]","[0.6626687500000003, 0.14093124999999967, 0.009040625000000002, 0.010731250000000025, 0.15725312499999972, 0.019375]","[0.020499221797158795, -0.0662098442415011, 0.005238034155648084, 0.004117976208437837, 0.027290568941673393, 0.009064043138583614]",,,,,,,,,"[{""ground_truth_class_index"": 1, ""ground_truth_class_name"": ""settlement"", ""kl"": 1.2228917497696776, ""predicted_class_index"": 0, ""predicted_class_name"": ""empty"", ""x"": 36, ""y"": 14}, {""ground_truth_class_index"": 2, ""ground_truth_class_name"": ""port"", ""kl"": 1.1870625016901908, ""predicted_class_index"": 4, ""predicted_class_name"": ""forest"", ""x"": 8, ""y"": 38}, {""ground_truth_class_index"": 1, ""ground_truth_class_name"": ""settlement"", ""kl"": 1.181781311079393, ""predicted_class_index"": 4, ""predicted_class_name"": ""forest"", ""x"": 7, ""y"": 38}, {""ground_truth_class_index"": 1, ""ground_truth_class_name"": ""settlement"", ""kl"": 1.1739889704278135, ""predicted_class_index"": 4, ""predicted_class_name"": ""forest"", ""x"": 34, ""y"": 8}, {""ground_truth_class_index"": 1, ""ground_truth_class_name"": ""settlement"", ""kl"": 1.1142096501960799, ""predicted_class_index"": 0, ""predicted_class_name"": ""empty"", ""x"": 9, ""y"": 31}, {""ground_truth_class_index"": 1, ""ground_truth_class_name"": ""settlement"", ""kl"": 1.0678865473839447, ""predicted_class_index"": 0, ""predicted_class_name"": ""empty"", ""x"": 10, ""y"": 30}, {""ground_truth_class_index"": 1, ""ground_truth_class_name"": ""settlement"", ""kl"": 1.05302219153351, ""predicted_class_index"": 4, ""predicted_class_name"": ""forest"", ""x"": 28, ""y"": 30}, {""ground_truth_class_index"": 1, ""ground_truth_class_name"": ""settlement"", ""kl"": 1.0094115198979015, ""predicted_class_index"": 0, ""predicted_class_name"": ""empty"", ""x"": 13, ""y"": 35}, {""ground_truth_class_index"": 2, ""ground_truth_class_name"": ""port"", ""kl"": 0.9785180718738116, ""predicted_class_index"": 4, ""predicted_class_name"": ""forest"", ""x"": 6, ""y"": 38}, {""ground_truth_class_index"": 1, ""ground_truth_class_name"": ""settlement"", ""kl"": 0.9644969720768142, ""predicted_class_index"": 0, ""predicted_class_name"": ""empty"", ""x"": 13, ""y"": 26}]",,
36e581f1-73f8-453f-ab98-cbe3052b701b,7,2,online_interactive,ffam_mode_v13,3,0,0,exploration_r3,2,50,0,48,45.92592853026522,0.25938011222865054,0.6387423426497516,0.39210682214613657,0.909375,"[0.662669903020759, 0.07370367745954629, 0.013686737628535174, 0.014659628858611128, 0.21160487288367005, 0.023675180148878483]","[0.6515437500000005, 0.12557812499999998, 0.007253124999999999, 0.010662500000000017, 0.1905874999999997, 0.014375]","[0.011126153020758478, -0.0518744475404537, 0.006433612628535175, 0.00399712885861111, 0.021017372883670365, 0.009300180148878482]",,,,,,,,,"[{""ground_truth_class_index"": 1, ""ground_truth_class_name"": ""settlement"", ""kl"": 1.3910055999841315, ""predicted_class_index"": 4, ""predicted_class_name"": ""forest"", ""x"": 20, ""y"": 18}, {""ground_truth_class_index"": 1, ""ground_truth_class_name"": ""settlement"", ""kl"": 1.2822973495854324, ""predicted_class_index"": 4, ""predicted_class_name"": ""forest"", ""x"": 21, ""y"": 17}, {""ground_truth_class_index"": 1, ""ground_truth_class_name"": ""settlement"", ""kl"": 1.225959091296136, ""predicted_class_index"": 4, ""predicted_class_name"": ""forest"", ""x"": 11, ""y"": 6}, {""ground_truth_class_index"": 1, ""ground_truth_class_name"": ""settlement"", ""kl"": 1.1272695688476175, ""predicted_class_index"": 4, ""predicted_class_name"": ""forest"", ""x"": 10, ""y"": 37}, {""ground_truth_class_index"": 2, ""ground_truth_class_name"": ""port"", ""kl"": 1.0977366960093162, ""predicted_class_index"": 4, ""predicted_class_name"": ""forest"", ""x"": 31, ""y"": 25}, {""ground_truth_class_index"": 1, ""ground_truth_class_name"": ""settlement"", ""kl"": 1.043465202979883, ""predicted_class_index"": 4, ""predicted_class_name"": ""forest"", ""x"": 15, ""y"": 13}, {""ground_truth_class_index"": 1, ""ground_truth_class_name"": ""settlement"", ""kl"": 0.9782708624762514, ""predicted_class_index"": 0, ""predicted_class_name"": ""empty"", ""x"": 35, ""y"": 7}, {""ground_truth_class_index"": 1, ""ground_truth_class_name"": ""settlement"", ""kl"": 0.9128771155473827, ""predicted_class_index"": 4, ""predicted_class_name"": ""forest"", ""x"": 36, ""y"": 6}, {""ground_truth_class_index"": 1, ""ground_truth_class_name"": ""settlement"", ""kl"": 0.9038769345661519, ""predicted_class_index"": 4, ""predicted_class_name"": ""forest"", ""x"": 19, ""y"": 17}, {""ground_truth_class_index"": 1, ""ground_truth_class_name"": ""settlement"", ""kl"": 0.9016274265847006, ""predicted_class_index"": 4, ""predicted_class_name"": ""forest"", ""x"": 22, ""y"": 5}]",,
36e581f1-73f8-453f-ab98-cbe3052b701b,7,3,online_interactive,ffam_mode_v13,3,0,0,exploration_r3,2,50,0,48,41.022929924688526,0.29701300305305517,0.6370953535189767,0.3873142729513437,0.895,"[0.6746243789233035, 0.07278363694586137, 0.013823068480769987, 0.014757996981828508, 0.20211581150099217, 0.02189510716724509]","[0.6677937500000002, 0.13155312499999977, 0.007662500000000001, 0.00934375000000001, 0.17114687499999967, 0.0125]","[0.006830628923303328, -0.0587694880541384, 0.006160568480769986, 0.005414246981828498, 0.0309689365009925, 0.009395107167245089]",,,,,,,,,"[{""ground_truth_class_index"": 1, ""ground_truth_class_name"": ""settlement"", ""kl"": 1.464289016582141, ""predicted_class_index"": 0, ""predicted_class_name"": ""empty"", ""x"": 33, ""y"": 2}, {""ground_truth_class_index"": 1, ""ground_truth_class_name"": ""settlement"", ""kl"": 1.405192356827576, ""predicted_class_index"": 0, ""predicted_class_name"": ""empty"", ""x"": 36, ""y"": 35}, {""ground_truth_class_index"": 1, ""ground_truth_class_name"": ""settlement"", ""kl"": 1.373797292986793, ""predicted_class_index"": 4, ""predicted_class_name"": ""forest"", ""x"": 12, ""y"": 21}, {""ground_truth_class_index"": 1, ""ground_truth_class_name"": ""settlement"", ""kl"": 1.3401090956012203, ""predicted_class_index"": 4, ""predicted_class_name"": ""forest"", ""x"": 36, ""y"": 14}, {""ground_truth_class_index"": 1, ""ground_truth_class_name"": ""settlement"", ""kl"": 1.3310768504260804, ""predicted_class_index"": 4, ""predicted_class_name"": ""forest"", ""x"": 32, ""y"": 1}, {""ground_truth_class_index"": 1, ""ground_truth_class_name"": ""settlement"", ""kl"": 1.3226760297168392, ""predicted_class_index"": 4, ""predicted_class_name"": ""forest"", ""x"": 30, ""y"": 31}, {""ground_truth_class_index"": 1, ""ground_truth_class_name"": ""settlement"", ""kl"": 1.2610099075483423, ""predicted_class_index"": 4, ""predicted_class_name"": ""forest"", ""x"": 12, ""y"": 20}, {""ground_truth_class_index"": 0, ""ground_truth_class_name"": ""empty"", ""kl"": 1.2444683045630869, ""predicted_class_index"": 4, ""predicted_class_name"": ""forest"", ""x"": 9, ""y"": 38}, {""ground_truth_class_index"": 1, ""ground_truth_class_name"": ""settlement"", ""kl"": 1.2387673670979682, ""predicted_class_index"": 4, ""predicted_class_name"": ""forest"", ""x"": 4, ""y"": 16}, {""ground_truth_class_index"": 1, ""ground_truth_class_name"": ""settlement"", ""kl"": 1.2279799266516032, ""predicted_class_index"": 4, ""predicted_class_name"": ""forest"", ""x"": 4, ""y"": 15}]",,
36e581f1-73f8-453f-ab98-cbe3052b701b,7,4,online_interactive,ffam_mode_v13,3,0,0,exploration_r3,2,50,0,48,47.36859444071559,0.24907024714060452,0.6381691537146685,0.4061149433221536,0.908125,"[0.6658604669069841, 0.07343485272174269, 0.01492034625246989, 0.014337947170823005, 0.20259206215497363, 0.028854324793007254]","[0.6463875000000004, 0.1317218749999996, 0.009859374999999995, 0.009184375000000007, 0.18284687499999971, 0.02]","[0.019472966906983635, -0.05828702227825691, 0.005060971252469895, 0.0051535721708229985, 0.01974518715497392, 0.008854324793007254]",,,,,,,,,"[{""ground_truth_class_index"": 1, ""ground_truth_class_name"": ""settlement"", ""kl"": 1.0000596621055495, ""predicted_class_index"": 4, ""predicted_class_name"": ""forest"", ""x"": 6, ""y"": 21}, {""ground_truth_class_index"": 1, ""ground_truth_class_name"": ""settlement"", ""kl"": 0.9922203307496532, ""predicted_class_index"": 0, ""predicted_class_name"": ""empty"", ""x"": 37, ""y"": 3}, {""ground_truth_class_index"": 1, ""ground_truth_class_name"": ""settlement"", ""kl"": 0.972950441590925, ""predicted_class_index"": 0, ""predicted_class_name"": ""empty"", ""x"": 6, ""y"": 23}, {""ground_truth_class_index"": 2, ""ground_truth_class_name"": ""port"", ""kl"": 0.9675947981860779, ""predicted_class_index"": 4, ""predicted_class_name"": ""forest"", ""x"": 38, ""y"": 26}, {""ground_truth_class_index"": 2, ""ground_truth_class_name"": ""port"", ""kl"": 0.955459975215026, ""predicted_class_index"": 4, ""predicted_class_name"": ""forest"", ""x"": 1, ""y"": 17}, {""ground_truth_class_index"": 1, ""ground_truth_class_name"": ""settlement"", ""kl"": 0.9238769680300408, ""predicted_class_index"": 0, ""predicted_class_name"": ""empty"", ""x"": 7, ""y"": 22}, {""ground_truth_class_index"": 2, ""ground_truth_class_name"": ""port"", ""kl"": 0.914279048796038, ""predicted_class_index"": 0, ""predicted_class_name"": ""empty"", ""x"": 1, ""y"": 18}, {""ground_truth_class_index"": 2, ""ground_truth_class_name"": ""port"", ""kl"": 0.893603591909534, ""predicted_class_index"": 0, ""predicted_class_name"": ""empty"", ""x"": 1, ""y"": 16}, {""ground_truth_class_index"": 1, ""ground_truth_class_name"": ""settlement"", ""kl"": 0.8596282764608676, ""predicted_class_index"": 0, ""predicted_class_name"": ""empty"", ""x"": 2, ""y"": 17}, {""ground_truth_class_index"": 1, ""ground_truth_class_name"": ""settlement"", ""kl"": 0.8573832271206053, ""predicted_class_index"": 4, ""predicted_class_name"": ""forest"", ""x"": 19, ""y"": 21}]",,
f1dac9a9-5cf1-49a9-8f17-d6cb5d5ba5cb,3,0,online_interactive,ffam_mode_v13,3,0,0,exploration_r3,2,50,0,48,62.00191438483799,0.15933497474829456,0.5572992305147656,0.06202963638818603,1.0,"[0.6715916378317424, 0.0583800303564372, 0.012959942397678184, 0.01216675938628008, 0.20852405240932456, 0.03637757761853706]","[0.7430218750000003, 0.002034374999999993, 7.5e-05, 0.0005250000000000004, 0.2262187499999999, 0.028125]","[-0.07143023716825792, 0.05634565535643721, 0.012884942397678184, 0.011641759386280079, -0.01769469759067535, 0.008252577618537062]",,,,,,,,,"[{""ground_truth_class_index"": 4, ""ground_truth_class_name"": ""forest"", ""kl"": 0.3903581345031108, ""predicted_class_index"": 4, ""predicted_class_name"": ""forest"", ""x"": 8, ""y"": 3}, {""ground_truth_class_index"": 4, ""ground_truth_class_name"": ""forest"", ""kl"": 0.3684029132597065, ""predicted_class_index"": 4, ""predicted_class_name"": ""forest"", ""x"": 24, ""y"": 35}, {""ground_truth_class_index"": 0, ""ground_truth_class_name"": ""empty"", ""kl"": 0.33057981899730704, ""predicted_class_index"": 0, ""predicted_class_name"": ""empty"", ""x"": 35, ""y"": 3}, {""ground_truth_class_index"": 0, ""ground_truth_class_name"": ""empty"", ""kl"": 0.3290153317471166, ""predicted_class_index"": 0, ""predicted_class_name"": ""empty"", ""x"": 9, ""y"": 2}, {""ground_truth_class_index"": 0, ""ground_truth_class_name"": ""empty"", ""kl"": 0.32306971894208225, ""predicted_class_index"": 0, ""predicted_class_name"": ""empty"", ""x"": 18, ""y"": 19}, {""ground_truth_class_index"": 0, ""ground_truth_class_name"": ""empty"", ""kl"": 0.31050448248182166, ""predicted_class_index"": 0, ""predicted_class_name"": ""empty"", ""x"": 10, ""y"": 32}, {""ground_truth_class_index"": 0, ""ground_truth_class_name"": ""empty"", ""kl"": 0.3090949254632912, ""predicted_class_index"": 0, ""predicted_class_name"": ""empty"", ""x"": 9, ""y"": 33}, {""ground_truth_class_index"": 4, ""ground_truth_class_name"": ""forest"", ""kl"": 0.3081699820117015, ""predicted_class_index"": 4, ""predicted_class_name"": ""forest"", ""x"": 9, ""y"": 30}, {""ground_truth_class_index"": 0, ""ground_truth_class_name"": ""empty"", ""kl"": 0.3059993149330067, ""predicted_class_index"": 0, ""predicted_class_name"": ""empty"", ""x"": 9, ""y"": 4}, {""ground_truth_class_index"": 4, ""ground_truth_class_name"": ""forest"", ""kl"": 0.29311540792251867, ""predicted_class_index"": 4, ""predicted_class_name"": ""forest"", ""x"": 15, ""y"": 20}]",,
f1dac9a9-5cf1-49a9-8f17-d6cb5d5ba5cb,3,1,online_interactive,ffam_mode_v13,3,0,0,exploration_r3,2,50,0,48,60.23951002657781,0.1689472454061597,0.693597912084233,0.08864379116476247,1.0,"[0.667081638521098, 0.08711404713768514, 0.014458991031634965, 0.016593037395051188, 0.1934685695791961, 0.021283716335334133]","[0.7719843750000002, 0.003106249999999983, 5e-05, 0.0006250000000000004, 0.21235937499999985, 0.011875]","[-0.10490273647890214, 0.08400779713768516, 0.014408991031634965, 0.015968037395051187, -0.018890805420803763, 0.009408716335334133]",,,,,,,,,"[{""ground_truth_class_index"": 4, ""ground_truth_class_name"": ""forest"", ""kl"": 0.4338288208043638, ""predicted_class_index"": 4, ""predicted_class_name"": ""forest"", ""x"": 33, ""y"": 2}, {""ground_truth_class_index"": 4, ""ground_truth_class_name"": ""forest"", ""kl"": 0.43032801456660463, ""predicted_class_index"": 4, ""predicted_class_name"": ""forest"", ""x"": 31, ""y"": 30}, {""ground_truth_class_index"": 0, ""ground_truth_class_name"": ""empty"", ""kl"": 0.389818984804918, ""predicted_class_index"": 0, ""predicted_class_name"": ""empty"", ""x"": 11, ""y"": 9}, {""ground_truth_class_index"": 4, ""ground_truth_class_name"": ""forest"", ""kl"": 0.38368725345718885, ""predicted_class_index"": 4, ""predicted_class_name"": ""forest"", ""x"": 7, ""y"": 9}, {""ground_truth_class_index"": 4, ""ground_truth_class_name"": ""forest"", ""kl"": 0.3747067801327213, ""predicted_class_index"": 4, ""predicted_class_name"": ""forest"", ""x"": 23, ""y"": 21}, {""ground_truth_class_index"": 4, ""ground_truth_class_name"": ""forest"", ""kl"": 0.34620913311840096, ""predicted_class_index"": 4, ""predicted_class_name"": ""forest"", ""x"": 21, ""y"": 35}, {""ground_truth_class_index"": 0, ""ground_truth_class_name"": ""empty"", ""kl"": 0.34600763921657635, ""predicted_class_index"": 0, ""predicted_class_name"": ""empty"", ""x"": 11, ""y"": 10}, {""ground_truth_class_index"": 4, ""ground_truth_class_name"": ""forest"", ""kl"": 0.34496564119823836, ""predicted_class_index"": 4, ""predicted_class_name"": ""forest"", ""x"": 19, ""y"": 33}, {""ground_truth_class_index"": 4, ""ground_truth_class_name"": ""forest"", ""kl"": 0.34491610230097786, ""predicted_class_index"": 4, ""predicted_class_name"": ""forest"", ""x"": 22, ""y"": 34}, {""ground_truth_class_index"": 0, ""ground_truth_class_name"": ""empty"", ""kl"": 0.32629028751518085, ""predicted_class_index"": 0, ""predicted_class_name"": ""empty"", ""x"": 29, ""y"": 13}]",,
f1dac9a9-5cf1-49a9-8f17-d6cb5d5ba5cb,3,2,online_interactive,ffam_mode_v13,3,0,0,exploration_r3,2,50,0,48,59.43587336702289,0.17342407105776755,0.5683959743429662,0.06668768998495639,1.0,"[0.6863498550245187, 0.061859807107805614, 0.013387447360587168, 0.012128254244650805, 0.19972519767947694, 0.026549438582961344]","[0.7647875, 0.0022343749999999903, 5.3125e-05, 0.0005000000000000003, 0.21492499999999992, 0.0175]","[-0.07843764497548122, 0.059625432107805625, 0.013334322360587169, 0.011628254244650804, -0.015199802320522982, 0.009049438582961342]",,,,,,,,,"[{""ground_truth_class_index"": 4, ""ground_truth_class_name"": ""forest"", ""kl"": 0.5943025292835493, ""predicted_class_index"": 4, ""predicted_class_name"": ""forest"", ""x"": 28, ""y"": 21}, {""ground_truth_class_index"": 4, ""ground_truth_class_name"": ""forest"", ""kl"": 0.41326724181341545, ""predicted_class_index"": 4, ""predicted_class_name"": ""forest"", ""x"": 18, ""y"": 2}, {""ground_truth_class_index"": 4, ""ground_truth_class_name"": ""forest"", ""kl"": 0.352255061026211, ""predicted_class_index"": 4, ""predicted_class_name"": ""forest"", ""x"": 5, ""y"": 16}, {""ground_truth_class_index"": 4, ""ground_truth_class_name"": ""forest"", ""kl"": 0.3465774232897352, ""predicted_class_index"": 4, ""predicted_class_name"": ""forest"", ""x"": 17, ""y"": 3}, {""ground_truth_class_index"": 4, ""ground_truth_class_name"": ""forest"", ""kl"": 0.31813790777020684, ""predicted_class_index"": 4, ""predicted_class_name"": ""forest"", ""x"": 29, ""y"": 3}, {""ground_truth_class_index"": 4, ""ground_truth_class_name"": ""forest"", ""kl"": 0.3127813007251954, ""predicted_class_index"": 4, ""predicted_class_name"": ""forest"", ""x"": 29, ""y"": 22}, {""ground_truth_class_index"": 0, ""ground_truth_class_name"": ""empty"", ""kl"": 0.2916493646159805, ""predicted_class_index"": 0, ""predicted_class_name"": ""empty"", ""x"": 15, ""y"": 13}, {""ground_truth_class_index"": 4, ""ground_truth_class_name"": ""forest"", ""kl"": 0.2906634798960043, ""predicted_class_index"": 4, ""predicted_class_name"": ""forest"", ""x"": 7, ""y"": 4}, {""ground_truth_class_index"": 4, ""ground_truth_class_name"": ""forest"", ""kl"": 0.29047471128146424, ""predicted_class_index"": 4, ""predicted_class_name"": ""forest"", ""x"": 19, ""y"": 2}, {""ground_truth_class_index"": 0, ""ground_truth_class_name"": ""empty"", ""kl"": 0.2805981529358479, ""predicted_class_index"": 0, ""predicted_class_name"": ""empty"", ""x"": 12, ""y"": 25}]",,
f1dac9a9-5cf1-49a9-8f17-d6cb5d5ba5cb,3,3,online_interactive,ffam_mode_v13,3,0,0,exploration_r3,2,50,0,48,62.39647677727251,0.15722045803647558,0.5577360305903083,0.061765997890443035,1.0,"[0.6763001530706476, 0.05934820771768158, 0.012924328364698326, 0.012114851900716777, 0.208046058039131, 0.031266400907124604]","[0.7493999999999988, 0.0023656249999999906, 3.749999999999999e-05, 0.0005031250000000004, 0.22519374999999994, 0.0225]","[-0.07309984692935123, 0.05698258271768159, 0.012886828364698327, 0.011611726900716777, -0.017147691960868933, 0.008766400907124605]",,,,,,,,,"[{""ground_truth_class_index"": 0, ""ground_truth_class_name"": ""empty"", ""kl"": 0.31416854692702284, ""predicted_class_index"": 0, ""predicted_class_name"": ""empty"", ""x"": 12, ""y"": 31}, {""ground_truth_class_index"": 4, ""ground_truth_class_name"": ""forest"", ""kl"": 0.3128973279517286, ""predicted_class_index"": 4, ""predicted_class_name"": ""forest"", ""x"": 12, ""y"": 29}, {""ground_truth_class_index"": 0, ""ground_truth_class_name"": ""empty"", ""kl"": 0.2924204219883618, ""predicted_class_index"": 0, ""predicted_class_name"": ""empty"", ""x"": 12, ""y"": 32}, {""ground_truth_class_index"": 4, ""ground_truth_class_name"": ""forest"", ""kl"": 0.2905133558538296, ""predicted_class_index"": 4, ""predicted_class_name"": ""forest"", ""x"": 19, ""y"": 34}, {""ground_truth_class_index"": 4, ""ground_truth_class_name"": ""forest"", ""kl"": 0.28363300644099754, ""predicted_class_index"": 4, ""predicted_class_name"": ""forest"", ""x"": 2, ""y"": 31}, {""ground_truth_class_index"": 0, ""ground_truth_class_name"": ""empty"", ""kl"": 0.2809321306730043, ""predicted_class_index"": 0, ""predicted_class_name"": ""empty"", ""x"": 21, ""y"": 13}, {""ground_truth_class_index"": 0, ""ground_truth_class_name"": ""empty"", ""kl"": 0.26938520180076087, ""predicted_class_index"": 0, ""predicted_class_name"": ""empty"", ""x"": 34, ""y"": 24}, {""ground_truth_class_index"": 4, ""ground_truth_class_name"": ""forest"", ""kl"": 0.26427954357651995, ""predicted_class_index"": 4, ""predicted_class_name"": ""forest"", ""x"": 8, ""y"": 24}, {""ground_truth_class_index"": 4, ""ground_truth_class_name"": ""forest"", ""kl"": 0.26370264440157914, ""predicted_class_index"": 4, ""predicted_class_name"": ""forest"", ""x"": 37, ""y"": 19}, {""ground_truth_class_index"": 4, ""ground_truth_class_name"": ""forest"", ""kl"": 0.26321499298259127, ""predicted_class_index"": 4, ""predicted_class_name"": ""forest"", ""x"": 13, ""y"": 5}]",,
f1dac9a9-5cf1-49a9-8f17-d6cb5d5ba5cb,3,4,online_interactive,ffam_mode_v13,3,0,0,exploration_r3,2,50,0,48,58.45925591354128,0.1789467181718781,0.6768681174274204,0.06145382066689442,1.0,"[0.6638882436244303, 0.08293448515391172, 0.014008173747267276, 0.016171259310786196, 0.19898750486451267, 0.02401033329909211]","[0.7640062500000002, 0.0018874999999999923, 3.75e-05, 0.0004343750000000003, 0.21863437499999994, 0.015]","[-0.10011800637556989, 0.08104698515391173, 0.013970673747267277, 0.015736884310786195, -0.01964687013548727, 0.009010333299092111]",,,,,,,,,"[{""ground_truth_class_index"": 4, ""ground_truth_class_name"": ""forest"", ""kl"": 0.41240749507566005, ""predicted_class_index"": 4, ""predicted_class_name"": ""forest"", ""x"": 14, ""y"": 23}, {""ground_truth_class_index"": 4, ""ground_truth_class_name"": ""forest"", ""kl"": 0.383309989384756, ""predicted_class_index"": 4, ""predicted_class_name"": ""forest"", ""x"": 30, ""y"": 9}, {""ground_truth_class_index"": 4, ""ground_truth_class_name"": ""forest"", ""kl"": 0.3755541801400568, ""predicted_class_index"": 4, ""predicted_class_name"": ""forest"", ""x"": 31, ""y"": 8}, {""ground_truth_class_index"": 4, ""ground_truth_class_name"": ""forest"", ""kl"": 0.32381576679661095, ""predicted_class_index"": 4, ""predicted_class_name"": ""forest"", ""x"": 12, ""y"": 19}, {""ground_truth_class_index"": 4, ""ground_truth_class_name"": ""forest"", ""kl"": 0.3236480520627071, ""predicted_class_index"": 4, ""predicted_class_name"": ""forest"", ""x"": 14, ""y"": 19}, {""ground_truth_class_index"": 4, ""ground_truth_class_name"": ""forest"", ""kl"": 0.32343575891946447, ""predicted_class_index"": 4, ""predicted_class_name"": ""forest"", ""x"": 10, ""y"": 13}, {""ground_truth_class_index"": 4, ""ground_truth_class_name"": ""forest"", ""kl"": 0.32343575891946447, ""predicted_class_index"": 4, ""predicted_class_name"": ""forest"", ""x"": 9, ""y"": 12}, {""ground_truth_class_index"": 4, ""ground_truth_class_name"": ""forest"", ""kl"": 0.3232237414793228, ""predicted_class_index"": 4, ""predicted_class_name"": ""forest"", ""x"": 15, ""y"": 31}, {""ground_truth_class_index"": 4, ""ground_truth_class_name"": ""forest"", ""kl"": 0.3232237414793228, ""predicted_class_index"": 4, ""predicted_class_name"": ""forest"", ""x"": 31, ""y"": 31}, {""ground_truth_class_index"": 4, ""ground_truth_class_name"": ""forest"", ""kl"": 0.3231797441166529, ""predicted_class_index"": 4, ""predicted_class_name"": ""forest"", ""x"": 9, ""y"": 19}]",,
ae78003a-4efe-425a-881a-d16a39bca0ad,6,0,online_interactive,ffam_mode_v13,3,0,0,exploration_r3,2,50,0,48,62.07084601459542,0.15896459188247872,0.7369174613604702,0.7894469981680904,0.941875,"[0.626061279476992, 0.14005307291360464, 0.016091141166974562, 0.018668926915361664, 0.17863134501530517, 0.02049423451176224]","[0.5741874999999997, 0.2129406250000001, 0.01307812500000001, 0.026256249999999984, 0.16228749999999978, 0.01125]","[0.05187377947699223, -0.07288755208639547, 0.0030130161669745525, -0.007587323084638321, 0.01634384501530539, 0.00924423451176224]",,,,,,,,,"[{""ground_truth_class_index"": 1, ""ground_truth_class_name"": ""settlement"", ""kl"": 0.9558057169010717, ""predicted_class_index"": 4, ""predicted_class_name"": ""forest"", ""x"": 36, ""y"": 13}, {""ground_truth_class_index"": 1, ""ground_truth_class_name"": ""settlement"", ""kl"": 0.8800954217722099, ""predicted_class_index"": 4, ""predicted_class_name"": ""forest"", ""x"": 6, ""y"": 4}, {""ground_truth_class_index"": 0, ""ground_truth_class_name"": ""empty"", ""kl"": 0.8289606641150157, ""predicted_class_index"": 0, ""predicted_class_name"": ""empty"", ""x"": 35, ""y"": 12}, {""ground_truth_class_index"": 0, ""ground_truth_class_name"": ""empty"", ""kl"": 0.8152161016329266, ""predicted_class_index"": 0, ""predicted_class_name"": ""empty"", ""x"": 36, ""y"": 14}, {""ground_truth_class_index"": 1, ""ground_truth_class_name"": ""settlement"", ""kl"": 0.8004234712208191, ""predicted_class_index"": 4, ""predicted_class_name"": ""forest"", ""x"": 36, ""y"": 12}, {""ground_truth_class_index"": 4, ""ground_truth_class_name"": ""forest"", ""kl"": 0.7835707698290195, ""predicted_class_index"": 4, ""predicted_class_name"": ""forest"", ""x"": 5, ""y"": 5}, {""ground_truth_class_index"": 1, ""ground_truth_class_name"": ""settlement"", ""kl"": 0.7432530850731085, ""predicted_class_index"": 0, ""predicted_class_name"": ""empty"", ""x"": 34, ""y"": 37}, {""ground_truth_class_index"": 1, ""ground_truth_class_name"": ""settlement"", ""kl"": 0.6934591645823932, ""predicted_class_index"": 0, ""predicted_class_name"": ""empty"", ""x"": 6, ""y"": 6}, {""ground_truth_class_index"": 0, ""ground_truth_class_name"": ""empty"", ""kl"": 0.6923053408582622, ""predicted_class_index"": 0, ""predicted_class_name"": ""empty"", ""x"": 36, ""y"": 7}, {""ground_truth_class_index"": 0, ""ground_truth_class_name"": ""empty"", ""kl"": 0.6651526202221257, ""predicted_class_index"": 0, ""predicted_class_name"": ""empty"", ""x"": 5, ""y"": 4}]",,
ae78003a-4efe-425a-881a-d16a39bca0ad,6,1,online_interactive,ffam_mode_v13,3,0,0,exploration_r3,2,50,0,48,40.86480868648251,0.2983003055431098,0.6367734988274544,0.7860640421408108,0.93,"[0.6423527038059745, 0.08174377617807699, 0.014961096805705565, 0.017309508006878388, 0.20936934931441176, 0.034263565888953476]","[0.5473343749999995, 0.21605000000000008, 0.014059375000000011, 0.027843750000000028, 0.16783749999999986, 0.026875]","[0.09501832880597505, -0.1343062238219231, 0.0009017218057055538, -0.01053424199312164, 0.041531849314411895, 0.0073885658889534765]",,,,,,,,,"[{""ground_truth_class_index"": 1, ""ground_truth_class_name"": ""settlement"", ""kl"": 0.9944690628388717, ""predicted_class_index"": 4, ""predicted_class_name"": ""forest"", ""x"": 8, ""y"": 34}, {""ground_truth_class_index"": 1, ""ground_truth_class_name"": ""settlement"", ""kl"": 0.9448477845990465, ""predicted_class_index"": 4, ""predicted_class_name"": ""forest"", ""x"": 36, ""y"": 21}, {""ground_truth_class_index"": 1, ""ground_truth_class_name"": ""settlement"", ""kl"": 0.9404906465740502, ""predicted_class_index"": 0, ""predicted_class_name"": ""empty"", ""x"": 10, ""y"": 34}, {""ground_truth_class_index"": 1, ""ground_truth_class_name"": ""settlement"", ""kl"": 0.9377001584805653, ""predicted_class_index"": 4, ""predicted_class_name"": ""forest"", ""x"": 9, ""y"": 37}, {""ground_truth_class_index"": 1, ""ground_truth_class_name"": ""settlement"", ""kl"": 0.9311047399272607, ""predicted_class_index"": 4, ""predicted_class_name"": ""forest"", ""x"": 15, ""y"": 29}, {""ground_truth_class_index"": 0, ""ground_truth_class_name"": ""empty"", ""kl"": 0.9201329478060478, ""predicted_class_index"": 0, ""predicted_class_name"": ""empty"", ""x"": 4, ""y"": 1}, {""ground_truth_class_index"": 1, ""ground_truth_class_name"": ""settlement"", ""kl"": 0.8979807481061687, ""predicted_class_index"": 0, ""predicted_class_name"": ""empty"", ""x"": 35, ""y"": 9}, {""ground_truth_class_index"": 1, ""ground_truth_class_name"": ""settlement"", ""kl"": 0.8937844208826172, ""predicted_class_index"": 4, ""predicted_class_name"": ""forest"", ""x"": 9, ""y"": 34}, {""ground_truth_class_index"": 1, ""ground_truth_class_name"": ""settlement"", ""kl"": 0.8731892062887285, ""predicted_class_index"": 4, ""predicted_class_name"": ""forest"", ""x"": 9, ""y"": 35}, {""ground_truth_class_index"": 1, ""ground_truth_class_name"": ""settlement"", ""kl"": 0.869458220230537, ""predicted_class_index"": 0, ""predicted_class_name"": ""empty"", ""x"": 37, ""y"": 10}]",,
ae78003a-4efe-425a-881a-d16a39bca0ad,6,2,online_interactive,ffam_mode_v13,3,0,0,exploration_r3,2,50,0,48,61.64600652904234,0.16125391165716316,0.7706382262298707,0.8069427190990688,0.94125,"[0.6090613357446952, 0.14943255592844598, 0.017353356392211704, 0.01858851969138314, 0.17803767509052537, 0.027526557152739117]","[0.572378125, 0.20220625000000034, 0.019393749999999998, 0.027478125000000006, 0.1591687500000002, 0.019375]","[0.03668321074469527, -0.052773694071554356, -0.0020403936077882934, -0.008889605308616867, 0.01886892509052518, 0.008151557152739117]",,,,,,,,,"[{""ground_truth_class_index"": 2, ""ground_truth_class_name"": ""port"", ""kl"": 0.972450165733546, ""predicted_class_index"": 4, ""predicted_class_name"": ""forest"", ""x"": 36, ""y"": 20}, {""ground_truth_class_index"": 2, ""ground_truth_class_name"": ""port"", ""kl"": 0.9464271842940448, ""predicted_class_index"": 4, ""predicted_class_name"": ""forest"", ""x"": 37, ""y"": 20}, {""ground_truth_class_index"": 1, ""ground_truth_class_name"": ""settlement"", ""kl"": 0.8888895322946361, ""predicted_class_index"": 4, ""predicted_class_name"": ""forest"", ""x"": 37, ""y"": 22}, {""ground_truth_class_index"": 2, ""ground_truth_class_name"": ""port"", ""kl"": 0.7722879353133028, ""predicted_class_index"": 4, ""predicted_class_name"": ""forest"", ""x"": 38, ""y"": 21}, {""ground_truth_class_index"": 0, ""ground_truth_class_name"": ""empty"", ""kl"": 0.7256493413118493, ""predicted_class_index"": 0, ""predicted_class_name"": ""empty"", ""x"": 38, ""y"": 22}, {""ground_truth_class_index"": 0, ""ground_truth_class_name"": ""empty"", ""kl"": 0.7025762981897321, ""predicted_class_index"": 0, ""predicted_class_name"": ""empty"", ""x"": 16, ""y"": 37}, {""ground_truth_class_index"": 1, ""ground_truth_class_name"": ""settlement"", ""kl"": 0.6899493072254453, ""predicted_class_index"": 0, ""predicted_class_name"": ""empty"", ""x"": 36, ""y"": 19}, {""ground_truth_class_index"": 4, ""ground_truth_class_name"": ""forest"", ""kl"": 0.6596736573646257, ""predicted_class_index"": 4, ""predicted_class_name"": ""forest"", ""x"": 6, ""y"": 3}, {""ground_truth_class_index"": 0, ""ground_truth_class_name"": ""empty"", ""kl"": 0.655794053686124, ""predicted_class_index"": 4, ""predicted_class_name"": ""forest"", ""x"": 36, ""y"": 23}, {""ground_truth_class_index"": 0, ""ground_truth_class_name"": ""empty"", ""kl"": 0.6487698593063813, ""predicted_class_index"": 0, ""predicted_class_name"": ""empty"", ""x"": 38, ""y"": 19}]",,
ae78003a-4efe-425a-881a-d16a39bca0ad,6,3,online_interactive,ffam_mode_v13,3,0,0,exploration_r3,2,50,0,48,61.06779982986652,0.16439515547413272,0.7577493992661986,0.8203566699366247,0.944375,"[0.5884019391964492, 0.14770591872511946, 0.015727926275565296, 0.01726778836788662, 0.1973599731423596, 0.03353645429261972]","[0.5466906249999993, 0.21347187499999973, 0.012496874999999998, 0.028006249999999958, 0.17308437499999954, 0.02625]","[0.04171131419644991, -0.06576595627488027, 0.0032310512755652984, -0.010738461632113339, 0.02427559814236005, 0.007286454292619721]",,,,,,,,,"[{""ground_truth_class_index"": 1, ""ground_truth_class_name"": ""settlement"", ""kl"": 0.8444221321833594, ""predicted_class_index"": 0, ""predicted_class_name"": ""empty"", ""x"": 2, ""y"": 4}, {""ground_truth_class_index"": 1, ""ground_truth_class_name"": ""settlement"", ""kl"": 0.8131213882358598, ""predicted_class_index"": 0, ""predicted_class_name"": ""empty"", ""x"": 3, ""y"": 3}, {""ground_truth_class_index"": 0, ""ground_truth_class_name"": ""empty"", ""kl"": 0.7316144279220931, ""predicted_class_index"": 4, ""predicted_class_name"": ""forest"", ""x"": 11, ""y"": 5}, {""ground_truth_class_index"": 0, ""ground_truth_class_name"": ""empty"", ""kl"": 0.729581834379663, ""predicted_class_index"": 4, ""predicted_class_name"": ""forest"", ""x"": 8, ""y"": 2}, {""ground_truth_class_index"": 1, ""ground_truth_class_name"": ""settlement"", ""kl"": 0.6890199152749581, ""predicted_class_index"": 0, ""predicted_class_name"": ""empty"", ""x"": 4, ""y"": 4}, {""ground_truth_class_index"": 4, ""ground_truth_class_name"": ""forest"", ""kl"": 0.6783268595284003, ""predicted_class_index"": 4, ""predicted_class_name"": ""forest"", ""x"": 4, ""y"": 34}, {""ground_truth_class_index"": 0, ""ground_truth_class_name"": ""empty"", ""kl"": 0.6708721527847373, ""predicted_class_index"": 0, ""predicted_class_name"": ""empty"", ""x"": 2, ""y"": 5}, {""ground_truth_class_index"": 1, ""ground_truth_class_name"": ""settlement"", ""kl"": 0.6368784334633621, ""predicted_class_index"": 4, ""predicted_class_name"": ""forest"", ""x"": 2, ""y"": 3}, {""ground_truth_class_index"": 1, ""ground_truth_class_name"": ""settlement"", ""kl"": 0.6291078999549643, ""predicted_class_index"": 4, ""predicted_class_name"": ""forest"", ""x"": 4, ""y"": 35}, {""ground_truth_class_index"": 1, ""ground_truth_class_name"": ""settlement"", ""kl"": 0.6265754623648337, ""predicted_class_index"": 0, ""predicted_class_name"": ""empty"", ""x"": 3, ""y"": 35}]",,
ae78003a-4efe-425a-881a-d16a39bca0ad,6,4,online_interactive,ffam_mode_v13,3,0,0,exploration_r3,2,50,0,48,40.34063556978621,0.3026036327539139,0.642702218560175,0.838349515530724,0.925625,"[0.6628438506374742, 0.0841013697348017, 0.014087373309293572, 0.01769825204919897, 0.18848669769435944, 0.03278245657487346]","[0.5457500000000002, 0.23408749999999984, 0.013725000000000005, 0.030178124999999948, 0.15125937499999992, 0.025]","[0.11709385063747402, -0.14998613026519814, 0.00036237330929356736, -0.012479872950800979, 0.03722732269435952, 0.007782456574873461]",,,,,,,,,"[{""ground_truth_class_index"": 1, ""ground_truth_class_name"": ""settlement"", ""kl"": 1.2644523192575003, ""predicted_class_index"": 0, ""predicted_class_name"": ""empty"", ""x"": 14, ""y"": 15}, {""ground_truth_class_index"": 1, ""ground_truth_class_name"": ""settlement"", ""kl"": 1.1013984372784345, ""predicted_class_index"": 0, ""predicted_class_name"": ""empty"", ""x"": 13, ""y"": 15}, {""ground_truth_class_index"": 1, ""ground_truth_class_name"": ""settlement"", ""kl"": 1.051851239449543, ""predicted_class_index"": 0, ""predicted_class_name"": ""empty"", ""x"": 16, ""y"": 15}, {""ground_truth_class_index"": 1, ""ground_truth_class_name"": ""settlement"", ""kl"": 1.0396168747584695, ""predicted_class_index"": 0, ""predicted_class_name"": ""empty"", ""x"": 13, ""y"": 13}, {""ground_truth_class_index"": 1, ""ground_truth_class_name"": ""settlement"", ""kl"": 1.0056773689010112, ""predicted_class_index"": 0, ""predicted_class_name"": ""empty"", ""x"": 15, ""y"": 15}, {""ground_truth_class_index"": 1, ""ground_truth_class_name"": ""settlement"", ""kl"": 0.9953101792027937, ""predicted_class_index"": 0, ""predicted_class_name"": ""empty"", ""x"": 35, ""y"": 36}, {""ground_truth_class_index"": 1, ""ground_truth_class_name"": ""settlement"", ""kl"": 0.9906379273309296, ""predicted_class_index"": 0, ""predicted_class_name"": ""empty"", ""x"": 14, ""y"": 16}, {""ground_truth_class_index"": 1, ""ground_truth_class_name"": ""settlement"", ""kl"": 0.9820593868174933, ""predicted_class_index"": 0, ""predicted_class_name"": ""empty"", ""x"": 22, ""y"": 36}, {""ground_truth_class_index"": 1, ""ground_truth_class_name"": ""settlement"", ""kl"": 0.9741714117871091, ""predicted_class_index"": 0, ""predicted_class_name"": ""empty"", ""x"": 2, ""y"": 6}, {""ground_truth_class_index"": 1, ""ground_truth_class_name"": ""settlement"", ""kl"": 0.9353493168661597, ""predicted_class_index"": 0, ""predicted_class_name"": ""empty"", ""x"": 35, ""y"": 37}]",,
c5cdf100-a876-4fb7-b5d8-757162c97989,8,0,online_interactive,ffam_mode_v13,3,0,0,exploration_r3,2,50,0,48,80.94060673333355,0.07048485016027592,0.5648762294421068,0.337411387393071,1.0,"[0.6792233895709449, 0.06450641518862571, 0.013752437319574566, 0.013421970761226474, 0.20002276677835631, 0.029073020381271776]","[0.7261062499999988, 0.02820625000000002, 0.001512499999999996, 0.004965624999999936, 0.219209375, 0.02]","[-0.046882860429053985, 0.036300165188625694, 0.01223993731957457, 0.008456345761226537, -0.019186608221643697, 0.009073020381271776]",,,,,,,,,"[{""ground_truth_class_index"": 4, ""ground_truth_class_name"": ""forest"", ""kl"": 0.31803845724714047, ""predicted_class_index"": 4, ""predicted_class_name"": ""forest"", ""x"": 27, ""y"": 15}, {""ground_truth_class_index"": 0, ""ground_truth_class_name"": ""empty"", ""kl"": 0.2411722876157304, ""predicted_class_index"": 0, ""predicted_class_name"": ""empty"", ""x"": 3, ""y"": 31}, {""ground_truth_class_index"": 4, ""ground_truth_class_name"": ""forest"", ""kl"": 0.22319906147032598, ""predicted_class_index"": 4, ""predicted_class_name"": ""forest"", ""x"": 13, ""y"": 25}, {""ground_truth_class_index"": 4, ""ground_truth_class_name"": ""forest"", ""kl"": 0.21469898999129, ""predicted_class_index"": 4, ""predicted_class_name"": ""forest"", ""x"": 10, ""y"": 22}, {""ground_truth_class_index"": 4, ""ground_truth_class_name"": ""forest"", ""kl"": 0.21432177417955936, ""predicted_class_index"": 4, ""predicted_class_name"": ""forest"", ""x"": 34, ""y"": 12}, {""ground_truth_class_index"": 0, ""ground_truth_class_name"": ""empty"", ""kl"": 0.21409877997762886, ""predicted_class_index"": 0, ""predicted_class_name"": ""empty"", ""x"": 22, ""y"": 17}, {""ground_truth_class_index"": 4, ""ground_truth_class_name"": ""forest"", ""kl"": 0.20739949111758482, ""predicted_class_index"": 4, ""predicted_class_name"": ""forest"", ""x"": 15, ""y"": 28}, {""ground_truth_class_index"": 4, ""ground_truth_class_name"": ""forest"", ""kl"": 0.2057831887778766, ""predicted_class_index"": 4, ""predicted_class_name"": ""forest"", ""x"": 26, ""y"": 3}, {""ground_truth_class_index"": 4, ""ground_truth_class_name"": ""forest"", ""kl"": 0.20401180254786155, ""predicted_class_index"": 4, ""predicted_class_name"": ""forest"", ""x"": 25, ""y"": 27}, {""ground_truth_class_index"": 4, ""ground_truth_class_name"": ""forest"", ""kl"": 0.20378917481311165, ""predicted_class_index"": 4, ""predicted_class_name"": ""forest"", ""x"": 31, ""y"": 12}]",,
c5cdf100-a876-4fb7-b5d8-757162c97989,8,1,online_interactive,ffam_mode_v13,3,0,0,exploration_r3,2,50,0,48,80.43507124040026,0.07257329848571449,0.5076265841891108,0.21969027061567267,1.0,"[0.697098526556605, 0.05317408824995004, 0.013399181821157225, 0.012052147628090955, 0.20398301279454864, 0.020293042949648416]","[0.7479125000000021, 0.015553125000000025, 0.000856249999999998, 0.002287499999999975, 0.2227656249999989, 0.010625]","[-0.05081397344339711, 0.03762096324995001, 0.012542931821157228, 0.00976464762809098, -0.018782612205450272, 0.009668042949648415]",,,,,,,,,"[{""ground_truth_class_index"": 4, ""ground_truth_class_name"": ""forest"", ""kl"": 0.3260997323788121, ""predicted_class_index"": 4, ""predicted_class_name"": ""forest"", ""x"": 7, ""y"": 17}, {""ground_truth_class_index"": 4, ""ground_truth_class_name"": ""forest"", ""kl"": 0.3053041001822985, ""predicted_class_index"": 4, ""predicted_class_name"": ""forest"", ""x"": 6, ""y"": 16}, {""ground_truth_class_index"": 0, ""ground_truth_class_name"": ""empty"", ""kl"": 0.2784644070454431, ""predicted_class_index"": 0, ""predicted_class_name"": ""empty"", ""x"": 20, ""y"": 9}, {""ground_truth_class_index"": 0, ""ground_truth_class_name"": ""empty"", ""kl"": 0.2606578917359864, ""predicted_class_index"": 0, ""predicted_class_name"": ""empty"", ""x"": 19, ""y"": 37}, {""ground_truth_class_index"": 0, ""ground_truth_class_name"": ""empty"", ""kl"": 0.23502613684986998, ""predicted_class_index"": 0, ""predicted_class_name"": ""empty"", ""x"": 31, ""y"": 23}, {""ground_truth_class_index"": 4, ""ground_truth_class_name"": ""forest"", ""kl"": 0.2310099977103741, ""predicted_class_index"": 4, ""predicted_class_name"": ""forest"", ""x"": 25, ""y"": 25}, {""ground_truth_class_index"": 0, ""ground_truth_class_name"": ""empty"", ""kl"": 0.21727890321653137, ""predicted_class_index"": 0, ""predicted_class_name"": ""empty"", ""x"": 27, ""y"": 15}, {""ground_truth_class_index"": 0, ""ground_truth_class_name"": ""empty"", ""kl"": 0.2165792641361245, ""predicted_class_index"": 0, ""predicted_class_name"": ""empty"", ""x"": 19, ""y"": 5}, {""ground_truth_class_index"": 4, ""ground_truth_class_name"": ""forest"", ""kl"": 0.21418029887884468, ""predicted_class_index"": 4, ""predicted_class_name"": ""forest"", ""x"": 11, ""y"": 34}, {""ground_truth_class_index"": 0, ""ground_truth_class_name"": ""empty"", ""kl"": 0.20893005570279827, ""predicted_class_index"": 0, ""predicted_class_name"": ""empty"", ""x"": 12, ""y"": 21}]",,
c5cdf100-a876-4fb7-b5d8-757162c97989,8,2,online_interactive,ffam_mode_v13,3,0,0,exploration_r3,2,50,0,48,81.65211187722056,0.06756750063549036,0.5570256146888377,0.3301406692762592,1.0,"[0.6816586460732388, 0.06500656857056214, 0.012873211912464827, 0.012859988916814532, 0.19906836874103484, 0.028533215785885715]","[0.7272749999999983, 0.030050000000000052, 0.0007749999999999994, 0.005199999999999954, 0.21732499999999988, 0.019375]","[-0.045616353926759556, 0.03495656857056209, 0.012098211912464827, 0.007659988916814578, -0.01825663125896504, 0.009158215785885715]",,,,,,,,,"[{""ground_truth_class_index"": 0, ""ground_truth_class_name"": ""empty"", ""kl"": 0.24791794422801194, ""predicted_class_index"": 0, ""predicted_class_name"": ""empty"", ""x"": 31, ""y"": 35}, {""ground_truth_class_index"": 0, ""ground_truth_class_name"": ""empty"", ""kl"": 0.23029331580592036, ""predicted_class_index"": 0, ""predicted_class_name"": ""empty"", ""x"": 10, ""y"": 25}, {""ground_truth_class_index"": 0, ""ground_truth_class_name"": ""empty"", ""kl"": 0.21778090531566632, ""predicted_class_index"": 0, ""predicted_class_name"": ""empty"", ""x"": 29, ""y"": 32}, {""ground_truth_class_index"": 4, ""ground_truth_class_name"": ""forest"", ""kl"": 0.20521258307374543, ""predicted_class_index"": 4, ""predicted_class_name"": ""forest"", ""x"": 17, ""y"": 4}, {""ground_truth_class_index"": 0, ""ground_truth_class_name"": ""empty"", ""kl"": 0.20235074364255182, ""predicted_class_index"": 0, ""predicted_class_name"": ""empty"", ""x"": 33, ""y"": 21}, {""ground_truth_class_index"": 0, ""ground_truth_class_name"": ""empty"", ""kl"": 0.18516620731642894, ""predicted_class_index"": 0, ""predicted_class_name"": ""empty"", ""x"": 37, ""y"": 12}, {""ground_truth_class_index"": 0, ""ground_truth_class_name"": ""empty"", ""kl"": 0.18491411159338905, ""predicted_class_index"": 0, ""predicted_class_name"": ""empty"", ""x"": 32, ""y"": 22}, {""ground_truth_class_index"": 0, ""ground_truth_class_name"": ""empty"", ""kl"": 0.18348280840177647, ""predicted_class_index"": 0, ""predicted_class_name"": ""empty"", ""x"": 19, ""y"": 22}, {""ground_truth_class_index"": 4, ""ground_truth_class_name"": ""forest"", ""kl"": 0.1814554412556263, ""predicted_class_index"": 4, ""predicted_class_name"": ""forest"", ""x"": 29, ""y"": 30}, {""ground_truth_class_index"": 0, ""ground_truth_class_name"": ""empty"", ""kl"": 0.17892103406150564, ""predicted_class_index"": 0, ""predicted_class_name"": ""empty"", ""x"": 36, ""y"": 3}]",,
c5cdf100-a876-4fb7-b5d8-757162c97989,8,3,online_interactive,ffam_mode_v13,3,0,0,exploration_r3,2,50,0,48,82.14252017826111,0.06557146547738638,0.5012731456922842,0.24068410874907087,1.0,"[0.6863905263115736, 0.052460873058149095, 0.01295556243935233, 0.012023255954581652, 0.2106509232300526, 0.02551885900629131]","[0.7332937500000007, 0.019375000000000035, 0.000868749999999999, 0.0034812499999999583, 0.22673124999999902, 0.01625]","[-0.04690322368842714, 0.03308587305814906, 0.01208681243935233, 0.008542005954581693, -0.016080326769946418, 0.009268859006291309]",,,,,,,,,"[{""ground_truth_class_index"": 4, ""ground_truth_class_name"": ""forest"", ""kl"": 0.37633627025751093, ""predicted_class_index"": 4, ""predicted_class_name"": ""forest"", ""x"": 3, ""y"": 18}, {""ground_truth_class_index"": 4, ""ground_truth_class_name"": ""forest"", ""kl"": 0.33905950435264887, ""predicted_class_index"": 4, ""predicted_class_name"": ""forest"", ""x"": 27, ""y"": 34}, {""ground_truth_class_index"": 0, ""ground_truth_class_name"": ""empty"", ""kl"": 0.24629883932267588, ""predicted_class_index"": 0, ""predicted_class_name"": ""empty"", ""x"": 8, ""y"": 24}, {""ground_truth_class_index"": 0, ""ground_truth_class_name"": ""empty"", ""kl"": 0.2410437852071452, ""predicted_class_index"": 0, ""predicted_class_name"": ""empty"", ""x"": 4, ""y"": 28}, {""ground_truth_class_index"": 4, ""ground_truth_class_name"": ""forest"", ""kl"": 0.2381436242433264, ""predicted_class_index"": 4, ""predicted_class_name"": ""forest"", ""x"": 14, ""y"": 17}, {""ground_truth_class_index"": 4, ""ground_truth_class_name"": ""forest"", ""kl"": 0.21379210095990336, ""predicted_class_index"": 4, ""predicted_class_name"": ""forest"", ""x"": 16, ""y"": 33}, {""ground_truth_class_index"": 0, ""ground_truth_class_name"": ""empty"", ""kl"": 0.21148068625736027, ""predicted_class_index"": 0, ""predicted_class_name"": ""empty"", ""x"": 4, ""y"": 27}, {""ground_truth_class_index"": 0, ""ground_truth_class_name"": ""empty"", ""kl"": 0.20647625348585963, ""predicted_class_index"": 0, ""predicted_class_name"": ""empty"", ""x"": 3, ""y"": 27}, {""ground_truth_class_index"": 0, ""ground_truth_class_name"": ""empty"", ""kl"": 0.20265457077115515, ""predicted_class_index"": 0, ""predicted_class_name"": ""empty"", ""x"": 13, ""y"": 28}, {""ground_truth_class_index"": 4, ""ground_truth_class_name"": ""forest"", ""kl"": 0.19294016633065336, ""predicted_class_index"": 4, ""predicted_class_name"": ""forest"", ""x"": 24, ""y"": 16}]",,
c5cdf100-a876-4fb7-b5d8-757162c97989,8,4,online_interactive,ffam_mode_v13,3,0,0,exploration_r3,2,50,0,48,82.09747897148883,0.06575429226799602,0.5373592711811983,0.22080723581177403,1.0,"[0.6904878412180178, 0.056112760692473077, 0.01315722134249339, 0.013073654126494347, 0.19745209743816503, 0.02971642518235645]","[0.7459218750000011, 0.01757187500000005, 0.0005187500000000003, 0.0027093749999999696, 0.21265312499999842, 0.020625]","[-0.055434033781983305, 0.03854088569247303, 0.01263847134249339, 0.010364279126494378, -0.015201027561833391, 0.00909142518235645]",,,,,,,,,"[{""ground_truth_class_index"": 4, ""ground_truth_class_name"": ""forest"", ""kl"": 0.2611022377219045, ""predicted_class_index"": 4, ""predicted_class_name"": ""forest"", ""x"": 36, ""y"": 29}, {""ground_truth_class_index"": 4, ""ground_truth_class_name"": ""forest"", ""kl"": 0.24330218779244414, ""predicted_class_index"": 4, ""predicted_class_name"": ""forest"", ""x"": 14, ""y"": 19}, {""ground_truth_class_index"": 4, ""ground_truth_class_name"": ""forest"", ""kl"": 0.20364752655713958, ""predicted_class_index"": 4, ""predicted_class_name"": ""forest"", ""x"": 28, ""y"": 7}, {""ground_truth_class_index"": 0, ""ground_truth_class_name"": ""empty"", ""kl"": 0.19985128120756307, ""predicted_class_index"": 0, ""predicted_class_name"": ""empty"", ""x"": 1, ""y"": 18}, {""ground_truth_class_index"": 0, ""ground_truth_class_name"": ""empty"", ""kl"": 0.19557991078223497, ""predicted_class_index"": 0, ""predicted_class_name"": ""empty"", ""x"": 9, ""y"": 26}, {""ground_truth_class_index"": 4, ""ground_truth_class_name"": ""forest"", ""kl"": 0.1916459914771962, ""predicted_class_index"": 4, ""predicted_class_name"": ""forest"", ""x"": 26, ""y"": 2}, {""ground_truth_class_index"": 0, ""ground_truth_class_name"": ""empty"", ""kl"": 0.18880570169029975, ""predicted_class_index"": 0, ""predicted_class_name"": ""empty"", ""x"": 25, ""y"": 15}, {""ground_truth_class_index"": 4, ""ground_truth_class_name"": ""forest"", ""kl"": 0.18193102522949706, ""predicted_class_index"": 4, ""predicted_class_name"": ""forest"", ""x"": 37, ""y"": 36}, {""ground_truth_class_index"": 0, ""ground_truth_class_name"": ""empty"", ""kl"": 0.17923794515598446, ""predicted_class_index"": 0, ""predicted_class_name"": ""empty"", ""x"": 1, ""y"": 22}, {""ground_truth_class_index"": 4, ""ground_truth_class_name"": ""forest"", ""kl"": 0.170893394819642, ""predicted_class_index"": 4, ""predicted_class_name"": ""forest"", ""x"": 28, ""y"": 35}]",,
