round_id,round_number,seed_index,mode,model_name,training_round_count,training_analyzed_seed_count,training_cell_count,policy_name,samples_per_round,budget,episode_seed,executed_queries,score,weighted_kl,mean_prediction_entropy,mean_ground_truth_entropy,argmax_agreement_rate,predicted_class_mass,ground_truth_class_mass,residual_class_mass,support_full_pct,support_structural_pct,support_terrain_pct,support_global_pct,full_bucket_count_p10,full_bucket_count_p50,full_bucket_count_p90,visualization_seconds,top_kl_cells,report_path,manifest_path
36e581f1-73f8-453f-ab98-cbe3052b701b,7,0,online_interactive,ffam_knn_v5,7,0,0,exploration_r3,6,50,0,48,53.79359887204289,0.20667190199086513,0.6221957692863748,0.35544029787751563,0.8925,"[0.6537140432690652, 0.11521390673658052, 0.013339827466027878, 0.012351538187861954, 0.18262106901409525, 0.02275961532636833]","[0.6570999999999998, 0.1309906249999998, 0.008953125000000001, 0.008475, 0.17198124999999956, 0.0225]","[-0.0033859567309345584, -0.01577671826341928, 0.004386702466027877, 0.003876538187861954, 0.010639819014095692, 0.00025961532636832943]",,,,,,,,,"[{""ground_truth_class_index"": 1, ""ground_truth_class_name"": ""settlement"", ""kl"": 1.0549707761801663, ""predicted_class_index"": 0, ""predicted_class_name"": ""empty"", ""x"": 9, ""y"": 6}, {""ground_truth_class_index"": 1, ""ground_truth_class_name"": ""settlement"", ""kl"": 1.0435738198686682, ""predicted_class_index"": 0, ""predicted_class_name"": ""empty"", ""x"": 10, ""y"": 5}, {""ground_truth_class_index"": 1, ""ground_truth_class_name"": ""settlement"", ""kl"": 1.0220805515051044, ""predicted_class_index"": 0, ""predicted_class_name"": ""empty"", ""x"": 17, ""y"": 2}, {""ground_truth_class_index"": 1, ""ground_truth_class_name"": ""settlement"", ""kl"": 0.9911182709097421, ""predicted_class_index"": 0, ""predicted_class_name"": ""empty"", ""x"": 14, ""y"": 36}, {""ground_truth_class_index"": 1, ""ground_truth_class_name"": ""settlement"", ""kl"": 0.9521408128066012, ""predicted_class_index"": 0, ""predicted_class_name"": ""empty"", ""x"": 18, ""y"": 3}, {""ground_truth_class_index"": 1, ""ground_truth_class_name"": ""settlement"", ""kl"": 0.9517861219782855, ""predicted_class_index"": 0, ""predicted_class_name"": ""empty"", ""x"": 3, ""y"": 2}, {""ground_truth_class_index"": 1, ""ground_truth_class_name"": ""settlement"", ""kl"": 0.9477298621520944, ""predicted_class_index"": 0, ""predicted_class_name"": ""empty"", ""x"": 14, ""y"": 34}, {""ground_truth_class_index"": 1, ""ground_truth_class_name"": ""settlement"", ""kl"": 0.9445304675465388, ""predicted_class_index"": 0, ""predicted_class_name"": ""empty"", ""x"": 12, ""y"": 11}, {""ground_truth_class_index"": 1, ""ground_truth_class_name"": ""settlement"", ""kl"": 0.9231952126877911, ""predicted_class_index"": 0, ""predicted_class_name"": ""empty"", ""x"": 36, ""y"": 23}, {""ground_truth_class_index"": 1, ""ground_truth_class_name"": ""settlement"", ""kl"": 0.856965336025334, ""predicted_class_index"": 0, ""predicted_class_name"": ""empty"", ""x"": 37, ""y"": 24}]",,
36e581f1-73f8-453f-ab98-cbe3052b701b,7,1,online_interactive,ffam_knn_v5,7,0,0,exploration_r3,6,50,0,48,62.01341640126743,0.1592731435946272,0.6633731121375493,0.41736986747650334,0.896875,"[0.6505737783913018, 0.12989622907274068, 0.011913368837795413, 0.014249201003413526, 0.1737270627635764, 0.01964035993117229]","[0.6626687500000003, 0.14093124999999967, 0.009040625000000002, 0.010731250000000025, 0.15725312499999972, 0.019375]","[-0.012094971608698435, -0.011035020927258998, 0.0028727438377954117, 0.0035179510034135004, 0.016473937763576696, 0.0002653599311722918]",,,,,,,,,"[{""ground_truth_class_index"": 1, ""ground_truth_class_name"": ""settlement"", ""kl"": 1.0182341960959806, ""predicted_class_index"": 0, ""predicted_class_name"": ""empty"", ""x"": 16, ""y"": 18}, {""ground_truth_class_index"": 1, ""ground_truth_class_name"": ""settlement"", ""kl"": 0.9970224094243867, ""predicted_class_index"": 4, ""predicted_class_name"": ""forest"", ""x"": 14, ""y"": 18}, {""ground_truth_class_index"": 1, ""ground_truth_class_name"": ""settlement"", ""kl"": 0.9720830030802362, ""predicted_class_index"": 0, ""predicted_class_name"": ""empty"", ""x"": 15, ""y"": 19}, {""ground_truth_class_index"": 1, ""ground_truth_class_name"": ""settlement"", ""kl"": 0.9591867673004785, ""predicted_class_index"": 4, ""predicted_class_name"": ""forest"", ""x"": 34, ""y"": 8}, {""ground_truth_class_index"": 1, ""ground_truth_class_name"": ""settlement"", ""kl"": 0.8025578043790365, ""predicted_class_index"": 4, ""predicted_class_name"": ""forest"", ""x"": 7, ""y"": 38}, {""ground_truth_class_index"": 1, ""ground_truth_class_name"": ""settlement"", ""kl"": 0.7384531437490021, ""predicted_class_index"": 0, ""predicted_class_name"": ""empty"", ""x"": 13, ""y"": 26}, {""ground_truth_class_index"": 1, ""ground_truth_class_name"": ""settlement"", ""kl"": 0.7297274736205631, ""predicted_class_index"": 0, ""predicted_class_name"": ""empty"", ""x"": 10, ""y"": 30}, {""ground_truth_class_index"": 1, ""ground_truth_class_name"": ""settlement"", ""kl"": 0.7198862964750441, ""predicted_class_index"": 4, ""predicted_class_name"": ""forest"", ""x"": 14, ""y"": 25}, {""ground_truth_class_index"": 0, ""ground_truth_class_name"": ""empty"", ""kl"": 0.7044835199992867, ""predicted_class_index"": 4, ""predicted_class_name"": ""forest"", ""x"": 29, ""y"": 25}, {""ground_truth_class_index"": 1, ""ground_truth_class_name"": ""settlement"", ""kl"": 0.6772538793743628, ""predicted_class_index"": 4, ""predicted_class_name"": ""forest"", ""x"": 3, ""y"": 21}]",,
36e581f1-73f8-453f-ab98-cbe3052b701b,7,2,online_interactive,ffam_knn_v5,7,0,0,exploration_r3,6,50,0,48,63.489935023802516,0.15142959873820924,0.6734500730142033,0.39210682214613657,0.911875,"[0.6303968565052357, 0.13260476986676323, 0.013107235928784338, 0.013997417342371164, 0.19524455684786443, 0.01464916350898117]","[0.6515437500000005, 0.12557812499999998, 0.007253124999999999, 0.010662500000000017, 0.1905874999999997, 0.014375]","[-0.02114689349476484, 0.007026644866763243, 0.0058541109287843385, 0.003334917342371147, 0.004657056847864743, 0.00027416350898116885]",,,,,,,,,"[{""ground_truth_class_index"": 4, ""ground_truth_class_name"": ""forest"", ""kl"": 1.2352937349764093, ""predicted_class_index"": 4, ""predicted_class_name"": ""forest"", ""x"": 3, ""y"": 29}, {""ground_truth_class_index"": 1, ""ground_truth_class_name"": ""settlement"", ""kl"": 0.9463310380744061, ""predicted_class_index"": 4, ""predicted_class_name"": ""forest"", ""x"": 11, ""y"": 6}, {""ground_truth_class_index"": 1, ""ground_truth_class_name"": ""settlement"", ""kl"": 0.9130379313539511, ""predicted_class_index"": 4, ""predicted_class_name"": ""forest"", ""x"": 24, ""y"": 21}, {""ground_truth_class_index"": 1, ""ground_truth_class_name"": ""settlement"", ""kl"": 0.7572478198168788, ""predicted_class_index"": 4, ""predicted_class_name"": ""forest"", ""x"": 9, ""y"": 6}, {""ground_truth_class_index"": 1, ""ground_truth_class_name"": ""settlement"", ""kl"": 0.7179472107143087, ""predicted_class_index"": 4, ""predicted_class_name"": ""forest"", ""x"": 19, ""y"": 17}, {""ground_truth_class_index"": 1, ""ground_truth_class_name"": ""settlement"", ""kl"": 0.7063839372462571, ""predicted_class_index"": 4, ""predicted_class_name"": ""forest"", ""x"": 10, ""y"": 7}, {""ground_truth_class_index"": 1, ""ground_truth_class_name"": ""settlement"", ""kl"": 0.7006448958792505, ""predicted_class_index"": 4, ""predicted_class_name"": ""forest"", ""x"": 13, ""y"": 19}, {""ground_truth_class_index"": 1, ""ground_truth_class_name"": ""settlement"", ""kl"": 0.7003796267468552, ""predicted_class_index"": 4, ""predicted_class_name"": ""forest"", ""x"": 24, ""y"": 30}, {""ground_truth_class_index"": 1, ""ground_truth_class_name"": ""settlement"", ""kl"": 0.6967713460922925, ""predicted_class_index"": 0, ""predicted_class_name"": ""empty"", ""x"": 10, ""y"": 5}, {""ground_truth_class_index"": 1, ""ground_truth_class_name"": ""settlement"", ""kl"": 0.6690526742914523, ""predicted_class_index"": 4, ""predicted_class_name"": ""forest"", ""x"": 20, ""y"": 18}]",,
36e581f1-73f8-453f-ab98-cbe3052b701b,7,3,online_interactive,ffam_knn_v5,7,0,0,exploration_r3,6,50,0,48,57.307144431624145,0.18558162845643547,0.64036872484665,0.3873142729513437,0.895,"[0.6536684397901206, 0.11889393153328662, 0.012037856323035983, 0.013131538099414974, 0.18949071682695504, 0.012777517427186998]","[0.6677937500000002, 0.13155312499999977, 0.007662500000000001, 0.00934375000000001, 0.17114687499999967, 0.0125]","[-0.014125310209879616, -0.012659193466713153, 0.004375356323035982, 0.0037877880994149644, 0.018343841826955365, 0.0002775174271869973]",,,,,,,,,"[{""ground_truth_class_index"": 1, ""ground_truth_class_name"": ""settlement"", ""kl"": 0.9405099657836493, ""predicted_class_index"": 4, ""predicted_class_name"": ""forest"", ""x"": 37, ""y"": 15}, {""ground_truth_class_index"": 1, ""ground_truth_class_name"": ""settlement"", ""kl"": 0.9220486626319225, ""predicted_class_index"": 0, ""predicted_class_name"": ""empty"", ""x"": 18, ""y"": 4}, {""ground_truth_class_index"": 1, ""ground_truth_class_name"": ""settlement"", ""kl"": 0.8368643954698648, ""predicted_class_index"": 4, ""predicted_class_name"": ""forest"", ""x"": 6, ""y"": 14}, {""ground_truth_class_index"": 1, ""ground_truth_class_name"": ""settlement"", ""kl"": 0.8359229006564691, ""predicted_class_index"": 0, ""predicted_class_name"": ""empty"", ""x"": 9, ""y"": 27}, {""ground_truth_class_index"": 1, ""ground_truth_class_name"": ""settlement"", ""kl"": 0.80402869202211, ""predicted_class_index"": 4, ""predicted_class_name"": ""forest"", ""x"": 5, ""y"": 14}, {""ground_truth_class_index"": 1, ""ground_truth_class_name"": ""settlement"", ""kl"": 0.8011221169871178, ""predicted_class_index"": 0, ""predicted_class_name"": ""empty"", ""x"": 35, ""y"": 36}, {""ground_truth_class_index"": 1, ""ground_truth_class_name"": ""settlement"", ""kl"": 0.7868504841420443, ""predicted_class_index"": 4, ""predicted_class_name"": ""forest"", ""x"": 36, ""y"": 14}, {""ground_truth_class_index"": 1, ""ground_truth_class_name"": ""settlement"", ""kl"": 0.7630413041626005, ""predicted_class_index"": 0, ""predicted_class_name"": ""empty"", ""x"": 36, ""y"": 35}, {""ground_truth_class_index"": 1, ""ground_truth_class_name"": ""settlement"", ""kl"": 0.7588260039111435, ""predicted_class_index"": 0, ""predicted_class_name"": ""empty"", ""x"": 32, ""y"": 31}, {""ground_truth_class_index"": 1, ""ground_truth_class_name"": ""settlement"", ""kl"": 0.7377728491022775, ""predicted_class_index"": 4, ""predicted_class_name"": ""forest"", ""x"": 32, ""y"": 3}]",,
36e581f1-73f8-453f-ab98-cbe3052b701b,7,4,online_interactive,ffam_knn_v5,7,0,0,exploration_r3,6,50,0,48,63.40986165355466,0.15185026335166382,0.6547850819537945,0.4061149433221536,0.908125,"[0.6377595340825483, 0.1241843149399604, 0.014231950559417292, 0.013529910907444298, 0.19003010050698027, 0.020264189003649746]","[0.6463875000000004, 0.1317218749999996, 0.009859374999999995, 0.009184375000000007, 0.18284687499999971, 0.02]","[-0.008627965917452185, -0.0075375600600391945, 0.004372575559417297, 0.004345535907444291, 0.007183225506980556, 0.0002641890036497452]",,,,,,,,,"[{""ground_truth_class_index"": 1, ""ground_truth_class_name"": ""settlement"", ""kl"": 0.9827175359666468, ""predicted_class_index"": 0, ""predicted_class_name"": ""empty"", ""x"": 6, ""y"": 23}, {""ground_truth_class_index"": 1, ""ground_truth_class_name"": ""settlement"", ""kl"": 0.8930551795417259, ""predicted_class_index"": 4, ""predicted_class_name"": ""forest"", ""x"": 6, ""y"": 21}, {""ground_truth_class_index"": 1, ""ground_truth_class_name"": ""settlement"", ""kl"": 0.8346722941260569, ""predicted_class_index"": 0, ""predicted_class_name"": ""empty"", ""x"": 25, ""y"": 30}, {""ground_truth_class_index"": 1, ""ground_truth_class_name"": ""settlement"", ""kl"": 0.7469734838391955, ""predicted_class_index"": 0, ""predicted_class_name"": ""empty"", ""x"": 17, ""y"": 21}, {""ground_truth_class_index"": 1, ""ground_truth_class_name"": ""settlement"", ""kl"": 0.7022940940291404, ""predicted_class_index"": 0, ""predicted_class_name"": ""empty"", ""x"": 5, ""y"": 22}, {""ground_truth_class_index"": 1, ""ground_truth_class_name"": ""settlement"", ""kl"": 0.6976237528906097, ""predicted_class_index"": 4, ""predicted_class_name"": ""forest"", ""x"": 24, ""y"": 29}, {""ground_truth_class_index"": 1, ""ground_truth_class_name"": ""settlement"", ""kl"": 0.6847150299208585, ""predicted_class_index"": 0, ""predicted_class_name"": ""empty"", ""x"": 25, ""y"": 23}, {""ground_truth_class_index"": 1, ""ground_truth_class_name"": ""settlement"", ""kl"": 0.6630057850002539, ""predicted_class_index"": 0, ""predicted_class_name"": ""empty"", ""x"": 7, ""y"": 22}, {""ground_truth_class_index"": 1, ""ground_truth_class_name"": ""settlement"", ""kl"": 0.6600547116326291, ""predicted_class_index"": 0, ""predicted_class_name"": ""empty"", ""x"": 14, ""y"": 24}, {""ground_truth_class_index"": 1, ""ground_truth_class_name"": ""settlement"", ""kl"": 0.652049110503742, ""predicted_class_index"": 4, ""predicted_class_name"": ""forest"", ""x"": 19, ""y"": 21}]",,
71451d74-be9f-471f-aacd-a41f3b68a9cd,1,0,online_interactive,ffam_knn_v5,7,0,0,exploration_r3,6,50,0,48,83.31119676128846,0.06086241031558192,0.5765833141917267,0.4868273611935529,0.983125,"[0.6542196938785616, 0.10788063507747088, 0.010404672760953361, 0.012278270459310904, 0.19183311159215147, 0.02338361623155186]","[0.6401999999999995, 0.130078125, 0.01041875, 0.00849375000000001, 0.1876843749999993, 0.023125]","[0.014019693878562056, -0.02219748992252911, -1.407723904663788e-05, 0.0037845204593108944, 0.004148736592152175, 0.0002586162315518607]",,,,,,,,,"[{""ground_truth_class_index"": 1, ""ground_truth_class_name"": ""settlement"", ""kl"": 0.551079123620997, ""predicted_class_index"": 0, ""predicted_class_name"": ""empty"", ""x"": 4, ""y"": 11}, {""ground_truth_class_index"": 4, ""ground_truth_class_name"": ""forest"", ""kl"": 0.36315308561223497, ""predicted_class_index"": 4, ""predicted_class_name"": ""forest"", ""x"": 36, ""y"": 15}, {""ground_truth_class_index"": 4, ""ground_truth_class_name"": ""forest"", ""kl"": 0.3556988935461875, ""predicted_class_index"": 4, ""predicted_class_name"": ""forest"", ""x"": 6, ""y"": 13}, {""ground_truth_class_index"": 4, ""ground_truth_class_name"": ""forest"", ""kl"": 0.34301607124755196, ""predicted_class_index"": 4, ""predicted_class_name"": ""forest"", ""x"": 2, ""y"": 23}, {""ground_truth_class_index"": 0, ""ground_truth_class_name"": ""empty"", ""kl"": 0.3422220132132969, ""predicted_class_index"": 0, ""predicted_class_name"": ""empty"", ""x"": 5, ""y"": 12}, {""ground_truth_class_index"": 0, ""ground_truth_class_name"": ""empty"", ""kl"": 0.3302036613829821, ""predicted_class_index"": 0, ""predicted_class_name"": ""empty"", ""x"": 5, ""y"": 11}, {""ground_truth_class_index"": 0, ""ground_truth_class_name"": ""empty"", ""kl"": 0.3197280773383355, ""predicted_class_index"": 0, ""predicted_class_name"": ""empty"", ""x"": 10, ""y"": 35}, {""ground_truth_class_index"": 0, ""ground_truth_class_name"": ""empty"", ""kl"": 0.30111333264837475, ""predicted_class_index"": 0, ""predicted_class_name"": ""empty"", ""x"": 30, ""y"": 17}, {""ground_truth_class_index"": 4, ""ground_truth_class_name"": ""forest"", ""kl"": 0.29381263322730666, ""predicted_class_index"": 2, ""predicted_class_name"": ""port"", ""x"": 14, ""y"": 36}, {""ground_truth_class_index"": 0, ""ground_truth_class_name"": ""empty"", ""kl"": 0.2922852355677423, ""predicted_class_index"": 0, ""predicted_class_name"": ""empty"", ""x"": 1, ""y"": 25}]",,
71451d74-be9f-471f-aacd-a41f3b68a9cd,1,1,online_interactive,ffam_knn_v5,7,0,0,exploration_r3,6,50,0,48,76.87109889136767,0.08768006909252948,0.5440092710823103,0.6021174556819477,0.983125,"[0.6690929742426275, 0.10089907002893385, 0.008958826283334448, 0.010003299492581146, 0.17830411090779472, 0.032741719044728564]","[0.6231437499999987, 0.14702187499999986, 0.012756249999999998, 0.012937500000000038, 0.1716406249999998, 0.0325]","[0.04594922424262882, -0.04612280497106601, -0.003797423716665551, -0.0029342005074188913, 0.006663485907794919, 0.00024171904472856248]",,,,,,,,,"[{""ground_truth_class_index"": 0, ""ground_truth_class_name"": ""empty"", ""kl"": 1.9973239396042046, ""predicted_class_index"": 0, ""predicted_class_name"": ""empty"", ""x"": 4, ""y"": 2}, {""ground_truth_class_index"": 0, ""ground_truth_class_name"": ""empty"", ""kl"": 0.9341768884507312, ""predicted_class_index"": 0, ""predicted_class_name"": ""empty"", ""x"": 35, ""y"": 33}, {""ground_truth_class_index"": 0, ""ground_truth_class_name"": ""empty"", ""kl"": 0.7531152272557056, ""predicted_class_index"": 0, ""predicted_class_name"": ""empty"", ""x"": 3, ""y"": 3}, {""ground_truth_class_index"": 4, ""ground_truth_class_name"": ""forest"", ""kl"": 0.7447218071932402, ""predicted_class_index"": 4, ""predicted_class_name"": ""forest"", ""x"": 36, ""y"": 33}, {""ground_truth_class_index"": 4, ""ground_truth_class_name"": ""forest"", ""kl"": 0.7024952891883015, ""predicted_class_index"": 4, ""predicted_class_name"": ""forest"", ""x"": 35, ""y"": 34}, {""ground_truth_class_index"": 4, ""ground_truth_class_name"": ""forest"", ""kl"": 0.666474755608558, ""predicted_class_index"": 4, ""predicted_class_name"": ""forest"", ""x"": 36, ""y"": 35}, {""ground_truth_class_index"": 1, ""ground_truth_class_name"": ""settlement"", ""kl"": 0.6339464257074903, ""predicted_class_index"": 4, ""predicted_class_name"": ""forest"", ""x"": 34, ""y"": 30}, {""ground_truth_class_index"": 0, ""ground_truth_class_name"": ""empty"", ""kl"": 0.6089546420086369, ""predicted_class_index"": 0, ""predicted_class_name"": ""empty"", ""x"": 4, ""y"": 3}, {""ground_truth_class_index"": 0, ""ground_truth_class_name"": ""empty"", ""kl"": 0.559749509012188, ""predicted_class_index"": 0, ""predicted_class_name"": ""empty"", ""x"": 33, ""y"": 29}, {""ground_truth_class_index"": 0, ""ground_truth_class_name"": ""empty"", ""kl"": 0.5560959533819819, ""predicted_class_index"": 0, ""predicted_class_name"": ""empty"", ""x"": 2, ""y"": 3}]",,
71451d74-be9f-471f-aacd-a41f3b68a9cd,1,2,online_interactive,ffam_knn_v5,7,0,0,exploration_r3,6,50,0,48,76.49422164804915,0.08931832734028929,0.5331330865722411,0.5404277842102572,0.979375,"[0.6709331124802369, 0.09688224521119737, 0.009741688730244722, 0.009806253528916257, 0.1986113075635443, 0.014025392485860912]","[0.6329874999999991, 0.13326562500000005, 0.012940624999999997, 0.01102500000000006, 0.196031249999999, 0.01375]","[0.037945612480237756, -0.03638337978880268, -0.003198936269755275, -0.0012187464710838036, 0.0025800575635453182, 0.00027539248586091157]",,,,,,,,,"[{""ground_truth_class_index"": 1, ""ground_truth_class_name"": ""settlement"", ""kl"": 0.7867661825139894, ""predicted_class_index"": 0, ""predicted_class_name"": ""empty"", ""x"": 31, ""y"": 4}, {""ground_truth_class_index"": 0, ""ground_truth_class_name"": ""empty"", ""kl"": 0.7635259821980516, ""predicted_class_index"": 0, ""predicted_class_name"": ""empty"", ""x"": 36, ""y"": 8}, {""ground_truth_class_index"": 0, ""ground_truth_class_name"": ""empty"", ""kl"": 0.7242270410640573, ""predicted_class_index"": 0, ""predicted_class_name"": ""empty"", ""x"": 16, ""y"": 3}, {""ground_truth_class_index"": 1, ""ground_truth_class_name"": ""settlement"", ""kl"": 0.6419967631815423, ""predicted_class_index"": 0, ""predicted_class_name"": ""empty"", ""x"": 33, ""y"": 4}, {""ground_truth_class_index"": 0, ""ground_truth_class_name"": ""empty"", ""kl"": 0.6214409728738788, ""predicted_class_index"": 0, ""predicted_class_name"": ""empty"", ""x"": 35, ""y"": 7}, {""ground_truth_class_index"": 4, ""ground_truth_class_name"": ""forest"", ""kl"": 0.545063204764515, ""predicted_class_index"": 4, ""predicted_class_name"": ""forest"", ""x"": 6, ""y"": 35}, {""ground_truth_class_index"": 0, ""ground_truth_class_name"": ""empty"", ""kl"": 0.5029129300769937, ""predicted_class_index"": 0, ""predicted_class_name"": ""empty"", ""x"": 34, ""y"": 2}, {""ground_truth_class_index"": 0, ""ground_truth_class_name"": ""empty"", ""kl"": 0.4920157562289436, ""predicted_class_index"": 0, ""predicted_class_name"": ""empty"", ""x"": 4, ""y"": 6}, {""ground_truth_class_index"": 0, ""ground_truth_class_name"": ""empty"", ""kl"": 0.4698561481554677, ""predicted_class_index"": 0, ""predicted_class_name"": ""empty"", ""x"": 36, ""y"": 2}, {""ground_truth_class_index"": 0, ""ground_truth_class_name"": ""empty"", ""kl"": 0.46184421264676107, ""predicted_class_index"": 0, ""predicted_class_name"": ""empty"", ""x"": 3, ""y"": 7}]",,
71451d74-be9f-471f-aacd-a41f3b68a9cd,1,3,online_interactive,ffam_knn_v5,7,0,0,exploration_r3,6,50,0,48,88.98536513898681,0.038899422139245285,0.692387676109282,0.6389114973455206,0.97875,"[0.6249914296955339, 0.14188854426839412, 0.009653968774958124, 0.015412572281484502, 0.18716543964992277, 0.020888045329707602]","[0.6183968749999998, 0.15842812500000006, 0.010359374999999999, 0.012475000000000019, 0.17971562499999963, 0.020625]","[0.0065945546955340495, -0.01653958073160594, -0.0007054062250418745, 0.0029375722814844827, 0.007449814649923142, 0.00026304532970760144]",,,,,,,,,"[{""ground_truth_class_index"": 0, ""ground_truth_class_name"": ""empty"", ""kl"": 0.3043872318640202, ""predicted_class_index"": 0, ""predicted_class_name"": ""empty"", ""x"": 36, ""y"": 1}, {""ground_truth_class_index"": 0, ""ground_truth_class_name"": ""empty"", ""kl"": 0.30141591013627, ""predicted_class_index"": 0, ""predicted_class_name"": ""empty"", ""x"": 27, ""y"": 33}, {""ground_truth_class_index"": 1, ""ground_truth_class_name"": ""settlement"", ""kl"": 0.27412746779390534, ""predicted_class_index"": 0, ""predicted_class_name"": ""empty"", ""x"": 36, ""y"": 3}, {""ground_truth_class_index"": 1, ""ground_truth_class_name"": ""settlement"", ""kl"": 0.2725598884484007, ""predicted_class_index"": 4, ""predicted_class_name"": ""forest"", ""x"": 37, ""y"": 2}, {""ground_truth_class_index"": 1, ""ground_truth_class_name"": ""settlement"", ""kl"": 0.2669642880190672, ""predicted_class_index"": 0, ""predicted_class_name"": ""empty"", ""x"": 28, ""y"": 23}, {""ground_truth_class_index"": 4, ""ground_truth_class_name"": ""forest"", ""kl"": 0.24196170069312845, ""predicted_class_index"": 4, ""predicted_class_name"": ""forest"", ""x"": 2, ""y"": 36}, {""ground_truth_class_index"": 1, ""ground_truth_class_name"": ""settlement"", ""kl"": 0.22390069143194413, ""predicted_class_index"": 0, ""predicted_class_name"": ""empty"", ""x"": 33, ""y"": 37}, {""ground_truth_class_index"": 1, ""ground_truth_class_name"": ""settlement"", ""kl"": 0.22143871415749988, ""predicted_class_index"": 0, ""predicted_class_name"": ""empty"", ""x"": 34, ""y"": 2}, {""ground_truth_class_index"": 4, ""ground_truth_class_name"": ""forest"", ""kl"": 0.2202711972130506, ""predicted_class_index"": 4, ""predicted_class_name"": ""forest"", ""x"": 3, ""y"": 36}, {""ground_truth_class_index"": 0, ""ground_truth_class_name"": ""empty"", ""kl"": 0.2186157801585724, ""predicted_class_index"": 0, ""predicted_class_name"": ""empty"", ""x"": 34, ""y"": 1}]",,
71451d74-be9f-471f-aacd-a41f3b68a9cd,1,4,online_interactive,ffam_knn_v5,7,0,0,exploration_r3,6,50,0,48,83.11281199000894,0.06165710681293761,0.5908195669954925,0.5009418826260312,0.97625,"[0.6497586689364422, 0.11370799424976599, 0.01030479838553494, 0.01267345142797415, 0.19641032520463264, 0.017144761795649898]","[0.6372343749999998, 0.1294968750000002, 0.013928125, 0.009475000000000016, 0.19299062499999922, 0.016875]","[0.012524293936442388, -0.015788880750234213, -0.00362332661446506, 0.0031984514279741333, 0.003419700204633419, 0.00026976179564989697]",,,,,,,,,"[{""ground_truth_class_index"": 1, ""ground_truth_class_name"": ""settlement"", ""kl"": 0.5169107356207162, ""predicted_class_index"": 0, ""predicted_class_name"": ""empty"", ""x"": 36, ""y"": 21}, {""ground_truth_class_index"": 0, ""ground_truth_class_name"": ""empty"", ""kl"": 0.5119714934717405, ""predicted_class_index"": 0, ""predicted_class_name"": ""empty"", ""x"": 37, ""y"": 16}, {""ground_truth_class_index"": 0, ""ground_truth_class_name"": ""empty"", ""kl"": 0.47360956113989605, ""predicted_class_index"": 0, ""predicted_class_name"": ""empty"", ""x"": 37, ""y"": 17}, {""ground_truth_class_index"": 0, ""ground_truth_class_name"": ""empty"", ""kl"": 0.4538438639947583, ""predicted_class_index"": 0, ""predicted_class_name"": ""empty"", ""x"": 35, ""y"": 18}, {""ground_truth_class_index"": 1, ""ground_truth_class_name"": ""settlement"", ""kl"": 0.41964724562248523, ""predicted_class_index"": 0, ""predicted_class_name"": ""empty"", ""x"": 35, ""y"": 21}, {""ground_truth_class_index"": 0, ""ground_truth_class_name"": ""empty"", ""kl"": 0.4161062944469156, ""predicted_class_index"": 0, ""predicted_class_name"": ""empty"", ""x"": 10, ""y"": 9}, {""ground_truth_class_index"": 1, ""ground_truth_class_name"": ""settlement"", ""kl"": 0.4095431725147441, ""predicted_class_index"": 4, ""predicted_class_name"": ""forest"", ""x"": 35, ""y"": 22}, {""ground_truth_class_index"": 1, ""ground_truth_class_name"": ""settlement"", ""kl"": 0.3980000506586989, ""predicted_class_index"": 0, ""predicted_class_name"": ""empty"", ""x"": 34, ""y"": 21}, {""ground_truth_class_index"": 1, ""ground_truth_class_name"": ""settlement"", ""kl"": 0.3607334895632086, ""predicted_class_index"": 0, ""predicted_class_name"": ""empty"", ""x"": 27, ""y"": 4}, {""ground_truth_class_index"": 0, ""ground_truth_class_name"": ""empty"", ""kl"": 0.3586763505880572, ""predicted_class_index"": 0, ""predicted_class_name"": ""empty"", ""x"": 38, ""y"": 20}]",,
76909e29-f664-4b2f-b16b-61b7507277e9,2,0,online_interactive,ffam_knn_v5,7,0,0,exploration_r3,6,50,0,48,75.62136443194338,0.09314378147328489,0.5922021445057344,0.6835663852182375,0.978125,"[0.6569164614472015, 0.11178708576564166, 0.010111847486260213, 0.014250464991605412, 0.18791788057593886, 0.019016259733352962]","[0.598325, 0.178146875, 0.0090625, 0.016215625000000046, 0.17949999999999938, 0.01875]","[0.05859146144720151, -0.06635978923435835, 0.0010493474862602135, -0.0019651600083946345, 0.00841788057593948, 0.000266259733352963]",,,,,,,,,"[{""ground_truth_class_index"": 0, ""ground_truth_class_name"": ""empty"", ""kl"": 0.9473217608272886, ""predicted_class_index"": 0, ""predicted_class_name"": ""empty"", ""x"": 20, ""y"": 13}, {""ground_truth_class_index"": 0, ""ground_truth_class_name"": ""empty"", ""kl"": 0.9388052194244798, ""predicted_class_index"": 0, ""predicted_class_name"": ""empty"", ""x"": 22, ""y"": 6}, {""ground_truth_class_index"": 0, ""ground_truth_class_name"": ""empty"", ""kl"": 0.8844271377747626, ""predicted_class_index"": 0, ""predicted_class_name"": ""empty"", ""x"": 22, ""y"": 11}, {""ground_truth_class_index"": 0, ""ground_truth_class_name"": ""empty"", ""kl"": 0.7588387086790663, ""predicted_class_index"": 0, ""predicted_class_name"": ""empty"", ""x"": 17, ""y"": 26}, {""ground_truth_class_index"": 0, ""ground_truth_class_name"": ""empty"", ""kl"": 0.7441216624748832, ""predicted_class_index"": 0, ""predicted_class_name"": ""empty"", ""x"": 19, ""y"": 28}, {""ground_truth_class_index"": 0, ""ground_truth_class_name"": ""empty"", ""kl"": 0.7319738645124296, ""predicted_class_index"": 0, ""predicted_class_name"": ""empty"", ""x"": 23, ""y"": 32}, {""ground_truth_class_index"": 0, ""ground_truth_class_name"": ""empty"", ""kl"": 0.7228547424254926, ""predicted_class_index"": 0, ""predicted_class_name"": ""empty"", ""x"": 22, ""y"": 33}, {""ground_truth_class_index"": 1, ""ground_truth_class_name"": ""settlement"", ""kl"": 0.677833311986875, ""predicted_class_index"": 0, ""predicted_class_name"": ""empty"", ""x"": 24, ""y"": 35}, {""ground_truth_class_index"": 0, ""ground_truth_class_name"": ""empty"", ""kl"": 0.6745876822219621, ""predicted_class_index"": 0, ""predicted_class_name"": ""empty"", ""x"": 25, ""y"": 19}, {""ground_truth_class_index"": 0, ""ground_truth_class_name"": ""empty"", ""kl"": 0.634437414392387, ""predicted_class_index"": 0, ""predicted_class_name"": ""empty"", ""x"": 21, ""y"": 37}]",,
76909e29-f664-4b2f-b16b-61b7507277e9,2,1,online_interactive,ffam_knn_v5,7,0,0,exploration_r3,6,50,0,48,88.8147325663294,0.03953921415752443,0.6615114224970289,0.6915235615387553,0.98,"[0.6331041337529524, 0.13269127429738503, 0.01209543232153752, 0.013904017889392493, 0.18357391326706793, 0.024631228471664234]","[0.610496875000001, 0.16696249999999993, 0.011549999999999998, 0.01569375000000001, 0.1709218749999997, 0.024375]","[0.02260725875295133, -0.0342712257026149, 0.0005454323215375225, -0.0017897321106075167, 0.012652038267068233, 0.0002562284716642327]",,,,,,,,,"[{""ground_truth_class_index"": 0, ""ground_truth_class_name"": ""empty"", ""kl"": 0.47488151129472583, ""predicted_class_index"": 0, ""predicted_class_name"": ""empty"", ""x"": 12, ""y"": 32}, {""ground_truth_class_index"": 0, ""ground_truth_class_name"": ""empty"", ""kl"": 0.4139898382928234, ""predicted_class_index"": 0, ""predicted_class_name"": ""empty"", ""x"": 10, ""y"": 14}, {""ground_truth_class_index"": 0, ""ground_truth_class_name"": ""empty"", ""kl"": 0.3492125083999761, ""predicted_class_index"": 0, ""predicted_class_name"": ""empty"", ""x"": 25, ""y"": 23}, {""ground_truth_class_index"": 0, ""ground_truth_class_name"": ""empty"", ""kl"": 0.308848189372008, ""predicted_class_index"": 0, ""predicted_class_name"": ""empty"", ""x"": 8, ""y"": 26}, {""ground_truth_class_index"": 0, ""ground_truth_class_name"": ""empty"", ""kl"": 0.3069513358819826, ""predicted_class_index"": 0, ""predicted_class_name"": ""empty"", ""x"": 3, ""y"": 17}, {""ground_truth_class_index"": 0, ""ground_truth_class_name"": ""empty"", ""kl"": 0.2541779384076643, ""predicted_class_index"": 0, ""predicted_class_name"": ""empty"", ""x"": 13, ""y"": 13}, {""ground_truth_class_index"": 0, ""ground_truth_class_name"": ""empty"", ""kl"": 0.2516215291862398, ""predicted_class_index"": 0, ""predicted_class_name"": ""empty"", ""x"": 21, ""y"": 12}, {""ground_truth_class_index"": 0, ""ground_truth_class_name"": ""empty"", ""kl"": 0.25119405048797894, ""predicted_class_index"": 0, ""predicted_class_name"": ""empty"", ""x"": 5, ""y"": 21}, {""ground_truth_class_index"": 0, ""ground_truth_class_name"": ""empty"", ""kl"": 0.2358562969821079, ""predicted_class_index"": 0, ""predicted_class_name"": ""empty"", ""x"": 6, ""y"": 30}, {""ground_truth_class_index"": 0, ""ground_truth_class_name"": ""empty"", ""kl"": 0.23529404958737044, ""predicted_class_index"": 0, ""predicted_class_name"": ""empty"", ""x"": 6, ""y"": 28}]",,
76909e29-f664-4b2f-b16b-61b7507277e9,2,2,online_interactive,ffam_knn_v5,7,0,0,exploration_r3,6,50,0,48,85.77226414352695,0.0511581644949886,0.6270080437667782,0.6597427547752781,0.98,"[0.6597522005408786, 0.12454062555610984, 0.013618703472707045, 0.013136751500564498, 0.17180691568722462, 0.017144803242515817]","[0.6340812499999998, 0.1581343750000001, 0.013012499999999998, 0.01569375000000001, 0.1622031249999998, 0.016875]","[0.025670950540878756, -0.033593749443890264, 0.0006062034727070467, -0.0025569984994355116, 0.009603790687224806, 0.00026980324251581547]",,,,,,,,,"[{""ground_truth_class_index"": 0, ""ground_truth_class_name"": ""empty"", ""kl"": 0.5751585754261436, ""predicted_class_index"": 0, ""predicted_class_name"": ""empty"", ""x"": 35, ""y"": 34}, {""ground_truth_class_index"": 0, ""ground_truth_class_name"": ""empty"", ""kl"": 0.4716028898132534, ""predicted_class_index"": 0, ""predicted_class_name"": ""empty"", ""x"": 4, ""y"": 12}, {""ground_truth_class_index"": 0, ""ground_truth_class_name"": ""empty"", ""kl"": 0.4402112442495802, ""predicted_class_index"": 0, ""predicted_class_name"": ""empty"", ""x"": 4, ""y"": 16}, {""ground_truth_class_index"": 0, ""ground_truth_class_name"": ""empty"", ""kl"": 0.43518893263491953, ""predicted_class_index"": 0, ""predicted_class_name"": ""empty"", ""x"": 8, ""y"": 7}, {""ground_truth_class_index"": 0, ""ground_truth_class_name"": ""empty"", ""kl"": 0.4064825616277418, ""predicted_class_index"": 0, ""predicted_class_name"": ""empty"", ""x"": 4, ""y"": 3}, {""ground_truth_class_index"": 0, ""ground_truth_class_name"": ""empty"", ""kl"": 0.3623515063590122, ""predicted_class_index"": 0, ""predicted_class_name"": ""empty"", ""x"": 5, ""y"": 7}, {""ground_truth_class_index"": 2, ""ground_truth_class_name"": ""port"", ""kl"": 0.35901524070692775, ""predicted_class_index"": 0, ""predicted_class_name"": ""empty"", ""x"": 12, ""y"": 30}, {""ground_truth_class_index"": 0, ""ground_truth_class_name"": ""empty"", ""kl"": 0.35711843851194613, ""predicted_class_index"": 0, ""predicted_class_name"": ""empty"", ""x"": 18, ""y"": 26}, {""ground_truth_class_index"": 0, ""ground_truth_class_name"": ""empty"", ""kl"": 0.33232764517486024, ""predicted_class_index"": 0, ""predicted_class_name"": ""empty"", ""x"": 4, ""y"": 14}, {""ground_truth_class_index"": 0, ""ground_truth_class_name"": ""empty"", ""kl"": 0.32980341334195606, ""predicted_class_index"": 0, ""predicted_class_name"": ""empty"", ""x"": 6, ""y"": 37}]",,
76909e29-f664-4b2f-b16b-61b7507277e9,2,3,online_interactive,ffam_knn_v5,7,0,0,exploration_r3,6,50,0,48,82.03430907414564,0.06601087429562329,0.6243445386365857,0.6992039205143857,0.98125,"[0.6689531564260431, 0.12831420159226167, 0.015150480922236437, 0.012615023280470428, 0.16530898357483387, 0.009658154204154177]","[0.63801875, 0.1641687500000002, 0.016690625000000004, 0.01617500000000003, 0.15557187499999992, 0.009375]","[0.03093440642604317, -0.035854548407738523, -0.0015401440777635667, -0.003559976719529602, 0.009737108574833953, 0.00028315420415417694]",,,,,,,,,"[{""ground_truth_class_index"": 0, ""ground_truth_class_name"": ""empty"", ""kl"": 1.3285308165052827, ""predicted_class_index"": 0, ""predicted_class_name"": ""empty"", ""x"": 18, ""y"": 28}, {""ground_truth_class_index"": 0, ""ground_truth_class_name"": ""empty"", ""kl"": 1.0768891078949812, ""predicted_class_index"": 0, ""predicted_class_name"": ""empty"", ""x"": 19, ""y"": 27}, {""ground_truth_class_index"": 0, ""ground_truth_class_name"": ""empty"", ""kl"": 0.9798884590876433, ""predicted_class_index"": 0, ""predicted_class_name"": ""empty"", ""x"": 16, ""y"": 32}, {""ground_truth_class_index"": 0, ""ground_truth_class_name"": ""empty"", ""kl"": 0.8207808402067078, ""predicted_class_index"": 0, ""predicted_class_name"": ""empty"", ""x"": 12, ""y"": 29}, {""ground_truth_class_index"": 0, ""ground_truth_class_name"": ""empty"", ""kl"": 0.7959884627667176, ""predicted_class_index"": 0, ""predicted_class_name"": ""empty"", ""x"": 23, ""y"": 27}, {""ground_truth_class_index"": 0, ""ground_truth_class_name"": ""empty"", ""kl"": 0.7892459315283737, ""predicted_class_index"": 0, ""predicted_class_name"": ""empty"", ""x"": 5, ""y"": 22}, {""ground_truth_class_index"": 0, ""ground_truth_class_name"": ""empty"", ""kl"": 0.6698670396262915, ""predicted_class_index"": 0, ""predicted_class_name"": ""empty"", ""x"": 36, ""y"": 36}, {""ground_truth_class_index"": 0, ""ground_truth_class_name"": ""empty"", ""kl"": 0.654172893461489, ""predicted_class_index"": 0, ""predicted_class_name"": ""empty"", ""x"": 12, ""y"": 31}, {""ground_truth_class_index"": 0, ""ground_truth_class_name"": ""empty"", ""kl"": 0.6232454188732608, ""predicted_class_index"": 0, ""predicted_class_name"": ""empty"", ""x"": 13, ""y"": 30}, {""ground_truth_class_index"": 0, ""ground_truth_class_name"": ""empty"", ""kl"": 0.5897758232604607, ""predicted_class_index"": 0, ""predicted_class_name"": ""empty"", ""x"": 22, ""y"": 28}]",,
76909e29-f664-4b2f-b16b-61b7507277e9,2,4,online_interactive,ffam_knn_v5,7,0,0,exploration_r3,6,50,0,48,81.77119083630649,0.06708173155938296,0.6349213587387191,0.7253649598901686,0.98,"[0.6504273301960235, 0.11753027205780571, 0.012429689711427437, 0.014400837158441815, 0.188067131615166, 0.01714473926113453]","[0.6022062499999997, 0.1754625, 0.012428125000000003, 0.018134375000000022, 0.1748937499999996, 0.016875]","[0.04822108019602378, -0.057932227942194284, 1.5647114274333629e-06, -0.003733537841558207, 0.013173381615166402, 0.0002697392611345287]",,,,,,,,,"[{""ground_truth_class_index"": 0, ""ground_truth_class_name"": ""empty"", ""kl"": 0.638379746345717, ""predicted_class_index"": 0, ""predicted_class_name"": ""empty"", ""x"": 2, ""y"": 4}, {""ground_truth_class_index"": 0, ""ground_truth_class_name"": ""empty"", ""kl"": 0.5887220330292795, ""predicted_class_index"": 0, ""predicted_class_name"": ""empty"", ""x"": 2, ""y"": 2}, {""ground_truth_class_index"": 0, ""ground_truth_class_name"": ""empty"", ""kl"": 0.5593263714692837, ""predicted_class_index"": 0, ""predicted_class_name"": ""empty"", ""x"": 12, ""y"": 12}, {""ground_truth_class_index"": 0, ""ground_truth_class_name"": ""empty"", ""kl"": 0.5205702609185716, ""predicted_class_index"": 0, ""predicted_class_name"": ""empty"", ""x"": 16, ""y"": 11}, {""ground_truth_class_index"": 0, ""ground_truth_class_name"": ""empty"", ""kl"": 0.4718281495863415, ""predicted_class_index"": 0, ""predicted_class_name"": ""empty"", ""x"": 7, ""y"": 20}, {""ground_truth_class_index"": 0, ""ground_truth_class_name"": ""empty"", ""kl"": 0.46903398967804216, ""predicted_class_index"": 0, ""predicted_class_name"": ""empty"", ""x"": 7, ""y"": 21}, {""ground_truth_class_index"": 0, ""ground_truth_class_name"": ""empty"", ""kl"": 0.4670538937462458, ""predicted_class_index"": 0, ""predicted_class_name"": ""empty"", ""x"": 19, ""y"": 24}, {""ground_truth_class_index"": 1, ""ground_truth_class_name"": ""settlement"", ""kl"": 0.46513644117232167, ""predicted_class_index"": 0, ""predicted_class_name"": ""empty"", ""x"": 14, ""y"": 18}, {""ground_truth_class_index"": 4, ""ground_truth_class_name"": ""forest"", ""kl"": 0.44162087197052574, ""predicted_class_index"": 4, ""predicted_class_name"": ""forest"", ""x"": 5, ""y"": 23}, {""ground_truth_class_index"": 0, ""ground_truth_class_name"": ""empty"", ""kl"": 0.436587149182772, ""predicted_class_index"": 0, ""predicted_class_name"": ""empty"", ""x"": 3, ""y"": 4}]",,
8e839974-b13b-407b-a5e7-fc749d877195,4,0,online_interactive,ffam_knn_v5,7,0,0,exploration_r3,6,50,0,48,84.36455343936773,0.05667428518319939,0.691373694059009,0.45210741165846485,0.999375,"[0.6144886816811403, 0.1406095821898682, 0.015142702106602375, 0.014980355276488128, 0.195138389394182, 0.019640289351718406]","[0.6722437500000013, 0.07697500000000007, 0.006021875000000002, 0.007090625000000009, 0.21829374999999962, 0.019375]","[-0.0577550683188609, 0.06363458218986812, 0.009120827106602374, 0.007889730276488118, -0.023155360605817632, 0.0002652893517184063]",,,,,,,,,"[{""ground_truth_class_index"": 0, ""ground_truth_class_name"": ""empty"", ""kl"": 0.39472964787936116, ""predicted_class_index"": 0, ""predicted_class_name"": ""empty"", ""x"": 34, ""y"": 37}, {""ground_truth_class_index"": 0, ""ground_truth_class_name"": ""empty"", ""kl"": 0.3831112497073973, ""predicted_class_index"": 0, ""predicted_class_name"": ""empty"", ""x"": 38, ""y"": 8}, {""ground_truth_class_index"": 0, ""ground_truth_class_name"": ""empty"", ""kl"": 0.36984976954590826, ""predicted_class_index"": 0, ""predicted_class_name"": ""empty"", ""x"": 38, ""y"": 10}, {""ground_truth_class_index"": 4, ""ground_truth_class_name"": ""forest"", ""kl"": 0.34141004614828974, ""predicted_class_index"": 4, ""predicted_class_name"": ""forest"", ""x"": 32, ""y"": 37}, {""ground_truth_class_index"": 0, ""ground_truth_class_name"": ""empty"", ""kl"": 0.3126386853470498, ""predicted_class_index"": 0, ""predicted_class_name"": ""empty"", ""x"": 38, ""y"": 7}, {""ground_truth_class_index"": 0, ""ground_truth_class_name"": ""empty"", ""kl"": 0.29414716404959435, ""predicted_class_index"": 0, ""predicted_class_name"": ""empty"", ""x"": 14, ""y"": 38}, {""ground_truth_class_index"": 0, ""ground_truth_class_name"": ""empty"", ""kl"": 0.2837484822310282, ""predicted_class_index"": 0, ""predicted_class_name"": ""empty"", ""x"": 1, ""y"": 1}, {""ground_truth_class_index"": 4, ""ground_truth_class_name"": ""forest"", ""kl"": 0.2806728847240606, ""predicted_class_index"": 4, ""predicted_class_name"": ""forest"", ""x"": 38, ""y"": 34}, {""ground_truth_class_index"": 4, ""ground_truth_class_name"": ""forest"", ""kl"": 0.27892937640882887, ""predicted_class_index"": 4, ""predicted_class_name"": ""forest"", ""x"": 32, ""y"": 35}, {""ground_truth_class_index"": 4, ""ground_truth_class_name"": ""forest"", ""kl"": 0.2705670473292604, ""predicted_class_index"": 4, ""predicted_class_name"": ""forest"", ""x"": 30, ""y"": 35}]",,
8e839974-b13b-407b-a5e7-fc749d877195,4,1,online_interactive,ffam_knn_v5,7,0,0,exploration_r3,6,50,0,48,86.97494079761205,0.04651671521104458,0.7087206241396651,0.513574097163743,0.99875,"[0.6172775058950701, 0.14985270882330398, 0.01324095825313362, 0.015888396538400663, 0.18534804975694022, 0.018392380733150658]","[0.6734062500000014, 0.08969374999999963, 0.004843749999999997, 0.009343750000000029, 0.20458749999999992, 0.018125]","[-0.056128744104931294, 0.060158958823304354, 0.008397208253133623, 0.006544646538400634, -0.019239450243059703, 0.00026738073315065933]",,,,,,,,,"[{""ground_truth_class_index"": 4, ""ground_truth_class_name"": ""forest"", ""kl"": 0.2882223792036393, ""predicted_class_index"": 4, ""predicted_class_name"": ""forest"", ""x"": 24, ""y"": 28}, {""ground_truth_class_index"": 4, ""ground_truth_class_name"": ""forest"", ""kl"": 0.27947680175049705, ""predicted_class_index"": 4, ""predicted_class_name"": ""forest"", ""x"": 32, ""y"": 29}, {""ground_truth_class_index"": 4, ""ground_truth_class_name"": ""forest"", ""kl"": 0.2740459811185827, ""predicted_class_index"": 4, ""predicted_class_name"": ""forest"", ""x"": 11, ""y"": 6}, {""ground_truth_class_index"": 0, ""ground_truth_class_name"": ""empty"", ""kl"": 0.27278269564634505, ""predicted_class_index"": 0, ""predicted_class_name"": ""empty"", ""x"": 6, ""y"": 38}, {""ground_truth_class_index"": 0, ""ground_truth_class_name"": ""empty"", ""kl"": 0.2653307044941755, ""predicted_class_index"": 0, ""predicted_class_name"": ""empty"", ""x"": 1, ""y"": 1}, {""ground_truth_class_index"": 4, ""ground_truth_class_name"": ""forest"", ""kl"": 0.2618284072652557, ""predicted_class_index"": 4, ""predicted_class_name"": ""forest"", ""x"": 2, ""y"": 24}, {""ground_truth_class_index"": 0, ""ground_truth_class_name"": ""empty"", ""kl"": 0.26050259451964836, ""predicted_class_index"": 0, ""predicted_class_name"": ""empty"", ""x"": 29, ""y"": 38}, {""ground_truth_class_index"": 4, ""ground_truth_class_name"": ""forest"", ""kl"": 0.2584601714909752, ""predicted_class_index"": 4, ""predicted_class_name"": ""forest"", ""x"": 10, ""y"": 34}, {""ground_truth_class_index"": 4, ""ground_truth_class_name"": ""forest"", ""kl"": 0.24531218392575163, ""predicted_class_index"": 4, ""predicted_class_name"": ""forest"", ""x"": 24, ""y"": 20}, {""ground_truth_class_index"": 0, ""ground_truth_class_name"": ""empty"", ""kl"": 0.2388023104124723, ""predicted_class_index"": 0, ""predicted_class_name"": ""empty"", ""x"": 1, ""y"": 13}]",,
8e839974-b13b-407b-a5e7-fc749d877195,4,2,online_interactive,ffam_knn_v5,7,0,0,exploration_r3,6,50,0,48,87.88777247128857,0.04303649941320492,0.6176186677401053,0.432343771439782,1.0,"[0.6462328307017224, 0.11810457776212767, 0.014576828623086034, 0.012808910163324815, 0.17740674726646308, 0.030870105483277007]","[0.687456250000001, 0.07490937500000003, 0.005768749999999998, 0.00753124999999999, 0.19370937499999952, 0.030625]","[-0.04122341929827855, 0.04319520276212764, 0.008808078623086036, 0.005277660163324825, -0.01630262773353644, 0.0002451054832770076]",,,,,,,,,"[{""ground_truth_class_index"": 4, ""ground_truth_class_name"": ""forest"", ""kl"": 0.32783998779812995, ""predicted_class_index"": 4, ""predicted_class_name"": ""forest"", ""x"": 33, ""y"": 1}, {""ground_truth_class_index"": 4, ""ground_truth_class_name"": ""forest"", ""kl"": 0.2982439878156856, ""predicted_class_index"": 4, ""predicted_class_name"": ""forest"", ""x"": 27, ""y"": 9}, {""ground_truth_class_index"": 0, ""ground_truth_class_name"": ""empty"", ""kl"": 0.2944691428942326, ""predicted_class_index"": 0, ""predicted_class_name"": ""empty"", ""x"": 19, ""y"": 3}, {""ground_truth_class_index"": 4, ""ground_truth_class_name"": ""forest"", ""kl"": 0.28238335685340404, ""predicted_class_index"": 4, ""predicted_class_name"": ""forest"", ""x"": 9, ""y"": 37}, {""ground_truth_class_index"": 0, ""ground_truth_class_name"": ""empty"", ""kl"": 0.27365296677217754, ""predicted_class_index"": 0, ""predicted_class_name"": ""empty"", ""x"": 17, ""y"": 1}, {""ground_truth_class_index"": 4, ""ground_truth_class_name"": ""forest"", ""kl"": 0.26488995445749314, ""predicted_class_index"": 4, ""predicted_class_name"": ""forest"", ""x"": 1, ""y"": 16}, {""ground_truth_class_index"": 0, ""ground_truth_class_name"": ""empty"", ""kl"": 0.25587976513392174, ""predicted_class_index"": 0, ""predicted_class_name"": ""empty"", ""x"": 19, ""y"": 1}, {""ground_truth_class_index"": 0, ""ground_truth_class_name"": ""empty"", ""kl"": 0.25511775992793373, ""predicted_class_index"": 0, ""predicted_class_name"": ""empty"", ""x"": 14, ""y"": 1}, {""ground_truth_class_index"": 0, ""ground_truth_class_name"": ""empty"", ""kl"": 0.2547794516839874, ""predicted_class_index"": 0, ""predicted_class_name"": ""empty"", ""x"": 16, ""y"": 1}, {""ground_truth_class_index"": 4, ""ground_truth_class_name"": ""forest"", ""kl"": 0.2544488660537604, ""predicted_class_index"": 4, ""predicted_class_name"": ""forest"", ""x"": 11, ""y"": 2}]",,
8e839974-b13b-407b-a5e7-fc749d877195,4,3,online_interactive,ffam_knn_v5,7,0,0,exploration_r3,6,50,0,48,86.5120759333831,0.04829539187600433,0.6276082699964366,0.4249757650273672,0.996875,"[0.64026741992289, 0.12279677576513116, 0.01560647682884415, 0.01279804923829409, 0.1782851357447946, 0.030246142500045727]","[0.685390625000001, 0.07398437500000016, 0.00601875, 0.007540625000000002, 0.19706562499999958, 0.03]","[-0.045123205077110984, 0.048812400765131006, 0.00958772682884415, 0.005257424238294088, -0.01878048925520498, 0.0002461425000457283]",,,,,,,,,"[{""ground_truth_class_index"": 0, ""ground_truth_class_name"": ""empty"", ""kl"": 0.4371201439646573, ""predicted_class_index"": 0, ""predicted_class_name"": ""empty"", ""x"": 32, ""y"": 12}, {""ground_truth_class_index"": 0, ""ground_truth_class_name"": ""empty"", ""kl"": 0.3887279971760873, ""predicted_class_index"": 0, ""predicted_class_name"": ""empty"", ""x"": 2, ""y"": 24}, {""ground_truth_class_index"": 0, ""ground_truth_class_name"": ""empty"", ""kl"": 0.38672071993489887, ""predicted_class_index"": 0, ""predicted_class_name"": ""empty"", ""x"": 1, ""y"": 24}, {""ground_truth_class_index"": 0, ""ground_truth_class_name"": ""empty"", ""kl"": 0.37778784854895753, ""predicted_class_index"": 0, ""predicted_class_name"": ""empty"", ""x"": 2, ""y"": 21}, {""ground_truth_class_index"": 4, ""ground_truth_class_name"": ""forest"", ""kl"": 0.3476327718633479, ""predicted_class_index"": 4, ""predicted_class_name"": ""forest"", ""x"": 1, ""y"": 17}, {""ground_truth_class_index"": 0, ""ground_truth_class_name"": ""empty"", ""kl"": 0.3420337892986961, ""predicted_class_index"": 0, ""predicted_class_name"": ""empty"", ""x"": 2, ""y"": 25}, {""ground_truth_class_index"": 4, ""ground_truth_class_name"": ""forest"", ""kl"": 0.3414102922893045, ""predicted_class_index"": 4, ""predicted_class_name"": ""forest"", ""x"": 20, ""y"": 19}, {""ground_truth_class_index"": 0, ""ground_truth_class_name"": ""empty"", ""kl"": 0.3380395002926693, ""predicted_class_index"": 0, ""predicted_class_name"": ""empty"", ""x"": 1, ""y"": 18}, {""ground_truth_class_index"": 4, ""ground_truth_class_name"": ""forest"", ""kl"": 0.3141270535452243, ""predicted_class_index"": 4, ""predicted_class_name"": ""forest"", ""x"": 27, ""y"": 13}, {""ground_truth_class_index"": 0, ""ground_truth_class_name"": ""empty"", ""kl"": 0.3012977163566479, ""predicted_class_index"": 0, ""predicted_class_name"": ""empty"", ""x"": 1, ""y"": 33}]",,
8e839974-b13b-407b-a5e7-fc749d877195,4,4,online_interactive,ffam_knn_v5,7,0,0,exploration_r3,6,50,0,48,87.53932734004282,0.04436067942817766,0.6784802131201036,0.5040508834761092,0.995625,"[0.6267197237687833, 0.13917773743450595, 0.013085128119967265, 0.014524260704643648, 0.1930916372177453, 0.013401512754355381]","[0.6703656250000016, 0.08683124999999986, 0.005584374999999996, 0.008965625000000055, 0.21512812499999978, 0.013125]","[-0.043645901231218365, 0.052346487434506095, 0.007500753119967269, 0.005558635704643593, -0.022036487782254477, 0.00027651275435538157]",,,,,,,,,"[{""ground_truth_class_index"": 0, ""ground_truth_class_name"": ""empty"", ""kl"": 0.3392174856925154, ""predicted_class_index"": 0, ""predicted_class_name"": ""empty"", ""x"": 4, ""y"": 1}, {""ground_truth_class_index"": 0, ""ground_truth_class_name"": ""empty"", ""kl"": 0.29383315953895, ""predicted_class_index"": 0, ""predicted_class_name"": ""empty"", ""x"": 5, ""y"": 1}, {""ground_truth_class_index"": 4, ""ground_truth_class_name"": ""forest"", ""kl"": 0.29129345677725743, ""predicted_class_index"": 4, ""predicted_class_name"": ""forest"", ""x"": 7, ""y"": 38}, {""ground_truth_class_index"": 4, ""ground_truth_class_name"": ""forest"", ""kl"": 0.27948585168335516, ""predicted_class_index"": 4, ""predicted_class_name"": ""forest"", ""x"": 18, ""y"": 4}, {""ground_truth_class_index"": 0, ""ground_truth_class_name"": ""empty"", ""kl"": 0.26126608082185804, ""predicted_class_index"": 0, ""predicted_class_name"": ""empty"", ""x"": 38, ""y"": 22}, {""ground_truth_class_index"": 4, ""ground_truth_class_name"": ""forest"", ""kl"": 0.25461126348303764, ""predicted_class_index"": 4, ""predicted_class_name"": ""forest"", ""x"": 17, ""y"": 8}, {""ground_truth_class_index"": 0, ""ground_truth_class_name"": ""empty"", ""kl"": 0.25265985492762455, ""predicted_class_index"": 0, ""predicted_class_name"": ""empty"", ""x"": 1, ""y"": 3}, {""ground_truth_class_index"": 0, ""ground_truth_class_name"": ""empty"", ""kl"": 0.2430117560162283, ""predicted_class_index"": 0, ""predicted_class_name"": ""empty"", ""x"": 38, ""y"": 25}, {""ground_truth_class_index"": 0, ""ground_truth_class_name"": ""empty"", ""kl"": 0.23975151230467143, ""predicted_class_index"": 0, ""predicted_class_name"": ""empty"", ""x"": 6, ""y"": 1}, {""ground_truth_class_index"": 0, ""ground_truth_class_name"": ""empty"", ""kl"": 0.23775827834663835, ""predicted_class_index"": 0, ""predicted_class_name"": ""empty"", ""x"": 38, ""y"": 23}]",,
ae78003a-4efe-425a-881a-d16a39bca0ad,6,0,online_interactive,ffam_knn_v5,7,0,0,exploration_r3,6,50,0,48,70.43341386166951,0.11683413556925999,0.6146747318965137,0.7894469981680904,0.9425,"[0.6546791958430866, 0.12184979872412409, 0.009184822063019526, 0.012008638088389208, 0.19074765824893153, 0.011529887032449383]","[0.5741874999999997, 0.2129406250000001, 0.01307812500000001, 0.026256249999999984, 0.16228749999999978, 0.01125]","[0.08049169584308691, -0.09109082627587602, -0.003893302936980484, -0.014247611911610777, 0.02846015824893175, 0.00027988703244938296]",,,,,,,,,"[{""ground_truth_class_index"": 0, ""ground_truth_class_name"": ""empty"", ""kl"": 0.6749301776365079, ""predicted_class_index"": 0, ""predicted_class_name"": ""empty"", ""x"": 17, ""y"": 11}, {""ground_truth_class_index"": 1, ""ground_truth_class_name"": ""settlement"", ""kl"": 0.6291476535577243, ""predicted_class_index"": 4, ""predicted_class_name"": ""forest"", ""x"": 6, ""y"": 4}, {""ground_truth_class_index"": 0, ""ground_truth_class_name"": ""empty"", ""kl"": 0.6237627986517535, ""predicted_class_index"": 0, ""predicted_class_name"": ""empty"", ""x"": 36, ""y"": 7}, {""ground_truth_class_index"": 0, ""ground_truth_class_name"": ""empty"", ""kl"": 0.6228833757720018, ""predicted_class_index"": 0, ""predicted_class_name"": ""empty"", ""x"": 11, ""y"": 11}, {""ground_truth_class_index"": 1, ""ground_truth_class_name"": ""settlement"", ""kl"": 0.6181348077147031, ""predicted_class_index"": 0, ""predicted_class_name"": ""empty"", ""x"": 34, ""y"": 37}, {""ground_truth_class_index"": 0, ""ground_truth_class_name"": ""empty"", ""kl"": 0.6032920564641148, ""predicted_class_index"": 0, ""predicted_class_name"": ""empty"", ""x"": 35, ""y"": 12}, {""ground_truth_class_index"": 1, ""ground_truth_class_name"": ""settlement"", ""kl"": 0.5706934759677105, ""predicted_class_index"": 4, ""predicted_class_name"": ""forest"", ""x"": 36, ""y"": 12}, {""ground_truth_class_index"": 1, ""ground_truth_class_name"": ""settlement"", ""kl"": 0.569337625293503, ""predicted_class_index"": 4, ""predicted_class_name"": ""forest"", ""x"": 36, ""y"": 13}, {""ground_truth_class_index"": 0, ""ground_truth_class_name"": ""empty"", ""kl"": 0.5680370397817833, ""predicted_class_index"": 0, ""predicted_class_name"": ""empty"", ""x"": 36, ""y"": 37}, {""ground_truth_class_index"": 1, ""ground_truth_class_name"": ""settlement"", ""kl"": 0.5667964567239545, ""predicted_class_index"": 0, ""predicted_class_name"": ""empty"", ""x"": 6, ""y"": 6}]",,
ae78003a-4efe-425a-881a-d16a39bca0ad,6,1,online_interactive,ffam_knn_v5,7,0,0,exploration_r3,6,50,0,48,62.785218508301924,0.15515017143012932,0.6050499648821507,0.7860640421408108,0.930625,"[0.6380974657326843, 0.11149588723273098, 0.00920291073413388, 0.011473370005306507, 0.20260357755931316, 0.027126788735830586]","[0.5473343749999995, 0.21605000000000008, 0.014059375000000011, 0.027843750000000028, 0.16783749999999986, 0.026875]","[0.09076309073268485, -0.1045541127672691, -0.004856464265866131, -0.01637037999469352, 0.034766077559313296, 0.00025178873583058675]",,,,,,,,,"[{""ground_truth_class_index"": 1, ""ground_truth_class_name"": ""settlement"", ""kl"": 1.4818030215046765, ""predicted_class_index"": 0, ""predicted_class_name"": ""empty"", ""x"": 6, ""y"": 3}, {""ground_truth_class_index"": 1, ""ground_truth_class_name"": ""settlement"", ""kl"": 1.2483812241641146, ""predicted_class_index"": 0, ""predicted_class_name"": ""empty"", ""x"": 6, ""y"": 2}, {""ground_truth_class_index"": 1, ""ground_truth_class_name"": ""settlement"", ""kl"": 1.176876275501395, ""predicted_class_index"": 4, ""predicted_class_name"": ""forest"", ""x"": 5, ""y"": 3}, {""ground_truth_class_index"": 1, ""ground_truth_class_name"": ""settlement"", ""kl"": 1.145002835896251, ""predicted_class_index"": 0, ""predicted_class_name"": ""empty"", ""x"": 4, ""y"": 4}, {""ground_truth_class_index"": 0, ""ground_truth_class_name"": ""empty"", ""kl"": 1.0947328164599854, ""predicted_class_index"": 0, ""predicted_class_name"": ""empty"", ""x"": 8, ""y"": 2}, {""ground_truth_class_index"": 0, ""ground_truth_class_name"": ""empty"", ""kl"": 1.0054587430374078, ""predicted_class_index"": 0, ""predicted_class_name"": ""empty"", ""x"": 4, ""y"": 1}, {""ground_truth_class_index"": 4, ""ground_truth_class_name"": ""forest"", ""kl"": 0.9782434967614826, ""predicted_class_index"": 4, ""predicted_class_name"": ""forest"", ""x"": 8, ""y"": 1}, {""ground_truth_class_index"": 1, ""ground_truth_class_name"": ""settlement"", ""kl"": 0.9748659058166851, ""predicted_class_index"": 0, ""predicted_class_name"": ""empty"", ""x"": 2, ""y"": 4}, {""ground_truth_class_index"": 1, ""ground_truth_class_name"": ""settlement"", ""kl"": 0.9638329453053158, ""predicted_class_index"": 0, ""predicted_class_name"": ""empty"", ""x"": 7, ""y"": 2}, {""ground_truth_class_index"": 1, ""ground_truth_class_name"": ""settlement"", ""kl"": 0.9530784279181217, ""predicted_class_index"": 0, ""predicted_class_name"": ""empty"", ""x"": 7, ""y"": 4}]",,
ae78003a-4efe-425a-881a-d16a39bca0ad,6,2,online_interactive,ffam_knn_v5,7,0,0,exploration_r3,6,50,0,48,68.10781177095123,0.1280260897061259,0.6153816205789973,0.8069427190990688,0.93875,"[0.6486440791991932, 0.11699215365111536, 0.01242582201918305, 0.011608084076352648, 0.1906895828157078, 0.01964027823844891]","[0.572378125, 0.20220625000000034, 0.019393749999999998, 0.027478125000000006, 0.1591687500000002, 0.019375]","[0.07626595419919324, -0.08521409634888498, -0.006967927980816947, -0.01587004092364736, 0.03152083281570761, 0.00026527823844891066]",,,,,,,,,"[{""ground_truth_class_index"": 1, ""ground_truth_class_name"": ""settlement"", ""kl"": 1.2095402329661227, ""predicted_class_index"": 4, ""predicted_class_name"": ""forest"", ""x"": 36, ""y"": 22}, {""ground_truth_class_index"": 2, ""ground_truth_class_name"": ""port"", ""kl"": 1.1651811425333447, ""predicted_class_index"": 4, ""predicted_class_name"": ""forest"", ""x"": 38, ""y"": 21}, {""ground_truth_class_index"": 0, ""ground_truth_class_name"": ""empty"", ""kl"": 1.0439827063590494, ""predicted_class_index"": 0, ""predicted_class_name"": ""empty"", ""x"": 35, ""y"": 22}, {""ground_truth_class_index"": 0, ""ground_truth_class_name"": ""empty"", ""kl"": 1.0432790254677413, ""predicted_class_index"": 4, ""predicted_class_name"": ""forest"", ""x"": 36, ""y"": 23}, {""ground_truth_class_index"": 1, ""ground_truth_class_name"": ""settlement"", ""kl"": 0.7981418331745016, ""predicted_class_index"": 0, ""predicted_class_name"": ""empty"", ""x"": 36, ""y"": 19}, {""ground_truth_class_index"": 0, ""ground_truth_class_name"": ""empty"", ""kl"": 0.7412956601731409, ""predicted_class_index"": 0, ""predicted_class_name"": ""empty"", ""x"": 38, ""y"": 22}, {""ground_truth_class_index"": 1, ""ground_truth_class_name"": ""settlement"", ""kl"": 0.7129040937173834, ""predicted_class_index"": 0, ""predicted_class_name"": ""empty"", ""x"": 38, ""y"": 20}, {""ground_truth_class_index"": 1, ""ground_truth_class_name"": ""settlement"", ""kl"": 0.6952347651748398, ""predicted_class_index"": 4, ""predicted_class_name"": ""forest"", ""x"": 37, ""y"": 21}, {""ground_truth_class_index"": 2, ""ground_truth_class_name"": ""port"", ""kl"": 0.677984500004378, ""predicted_class_index"": 4, ""predicted_class_name"": ""forest"", ""x"": 36, ""y"": 20}, {""ground_truth_class_index"": 0, ""ground_truth_class_name"": ""empty"", ""kl"": 0.6729684982593017, ""predicted_class_index"": 0, ""predicted_class_name"": ""empty"", ""x"": 38, ""y"": 19}]",,
ae78003a-4efe-425a-881a-d16a39bca0ad,6,3,online_interactive,ffam_knn_v5,7,0,0,exploration_r3,6,50,0,48,70.00319918899594,0.11887641409437566,0.6348564327641975,0.8203566699366247,0.9425,"[0.6172154626788424, 0.12765847329136032, 0.008727588337378965, 0.011860800872137634, 0.2080347468664298, 0.026502927953850654]","[0.5466906249999993, 0.21347187499999973, 0.012496874999999998, 0.028006249999999958, 0.17308437499999954, 0.02625]","[0.0705248376788431, -0.08581340170863941, -0.003769286662621033, -0.016145449127862324, 0.03495037186643027, 0.0002529279538506547]",,,,,,,,,"[{""ground_truth_class_index"": 0, ""ground_truth_class_name"": ""empty"", ""kl"": 0.7499146357330138, ""predicted_class_index"": 0, ""predicted_class_name"": ""empty"", ""x"": 34, ""y"": 5}, {""ground_truth_class_index"": 0, ""ground_truth_class_name"": ""empty"", ""kl"": 0.717981411195259, ""predicted_class_index"": 0, ""predicted_class_name"": ""empty"", ""x"": 35, ""y"": 3}, {""ground_truth_class_index"": 1, ""ground_truth_class_name"": ""settlement"", ""kl"": 0.6504677378246455, ""predicted_class_index"": 0, ""predicted_class_name"": ""empty"", ""x"": 3, ""y"": 3}, {""ground_truth_class_index"": 4, ""ground_truth_class_name"": ""forest"", ""kl"": 0.6188318350714807, ""predicted_class_index"": 4, ""predicted_class_name"": ""forest"", ""x"": 33, ""y"": 4}, {""ground_truth_class_index"": 0, ""ground_truth_class_name"": ""empty"", ""kl"": 0.6100905295859459, ""predicted_class_index"": 0, ""predicted_class_name"": ""empty"", ""x"": 34, ""y"": 2}, {""ground_truth_class_index"": 0, ""ground_truth_class_name"": ""empty"", ""kl"": 0.576022254910954, ""predicted_class_index"": 0, ""predicted_class_name"": ""empty"", ""x"": 25, ""y"": 17}, {""ground_truth_class_index"": 1, ""ground_truth_class_name"": ""settlement"", ""kl"": 0.5753932888749402, ""predicted_class_index"": 4, ""predicted_class_name"": ""forest"", ""x"": 32, ""y"": 7}, {""ground_truth_class_index"": 1, ""ground_truth_class_name"": ""settlement"", ""kl"": 0.5657477047744985, ""predicted_class_index"": 0, ""predicted_class_name"": ""empty"", ""x"": 32, ""y"": 5}, {""ground_truth_class_index"": 1, ""ground_truth_class_name"": ""settlement"", ""kl"": 0.5391364551472031, ""predicted_class_index"": 4, ""predicted_class_name"": ""forest"", ""x"": 25, ""y"": 35}, {""ground_truth_class_index"": 4, ""ground_truth_class_name"": ""forest"", ""kl"": 0.5352118240821491, ""predicted_class_index"": 4, ""predicted_class_name"": ""forest"", ""x"": 23, ""y"": 17}]",,
ae78003a-4efe-425a-881a-d16a39bca0ad,6,4,online_interactive,ffam_knn_v5,7,0,0,exploration_r3,6,50,0,48,65.02782534214053,0.1434516418355717,0.6132504475140281,0.838349515530724,0.925625,"[0.6529415839050822, 0.12089724764513508, 0.008331174996021554, 0.012321336441026197, 0.1802534295193251, 0.025255227493409624]","[0.5457500000000002, 0.23408749999999984, 0.013725000000000005, 0.030178124999999948, 0.15125937499999992, 0.025]","[0.10719158390508199, -0.11319025235486475, -0.005393825003978451, -0.01785678855897375, 0.028994054519325185, 0.0002552274934096224]",,,,,,,,,"[{""ground_truth_class_index"": 1, ""ground_truth_class_name"": ""settlement"", ""kl"": 0.8552740948764253, ""predicted_class_index"": 0, ""predicted_class_name"": ""empty"", ""x"": 13, ""y"": 34}, {""ground_truth_class_index"": 0, ""ground_truth_class_name"": ""empty"", ""kl"": 0.7854601858125232, ""predicted_class_index"": 0, ""predicted_class_name"": ""empty"", ""x"": 12, ""y"": 28}, {""ground_truth_class_index"": 0, ""ground_truth_class_name"": ""empty"", ""kl"": 0.7436666232637558, ""predicted_class_index"": 0, ""predicted_class_name"": ""empty"", ""x"": 11, ""y"": 16}, {""ground_truth_class_index"": 0, ""ground_truth_class_name"": ""empty"", ""kl"": 0.7369309186443178, ""predicted_class_index"": 0, ""predicted_class_name"": ""empty"", ""x"": 13, ""y"": 16}, {""ground_truth_class_index"": 1, ""ground_truth_class_name"": ""settlement"", ""kl"": 0.6294796237885507, ""predicted_class_index"": 0, ""predicted_class_name"": ""empty"", ""x"": 15, ""y"": 15}, {""ground_truth_class_index"": 0, ""ground_truth_class_name"": ""empty"", ""kl"": 0.6031449134955166, ""predicted_class_index"": 0, ""predicted_class_name"": ""empty"", ""x"": 5, ""y"": 14}, {""ground_truth_class_index"": 1, ""ground_truth_class_name"": ""settlement"", ""kl"": 0.600042472972463, ""predicted_class_index"": 0, ""predicted_class_name"": ""empty"", ""x"": 22, ""y"": 36}, {""ground_truth_class_index"": 1, ""ground_truth_class_name"": ""settlement"", ""kl"": 0.5952859545319655, ""predicted_class_index"": 0, ""predicted_class_name"": ""empty"", ""x"": 15, ""y"": 12}, {""ground_truth_class_index"": 1, ""ground_truth_class_name"": ""settlement"", ""kl"": 0.593728173232537, ""predicted_class_index"": 0, ""predicted_class_name"": ""empty"", ""x"": 20, ""y"": 36}, {""ground_truth_class_index"": 1, ""ground_truth_class_name"": ""settlement"", ""kl"": 0.5852686011657712, ""predicted_class_index"": 4, ""predicted_class_name"": ""forest"", ""x"": 16, ""y"": 13}]",,
c5cdf100-a876-4fb7-b5d8-757162c97989,8,0,online_interactive,ffam_knn_v5,7,0,0,exploration_r3,6,50,0,48,65.52841288275447,0.14089545097821157,0.6935113679869995,0.337411387393071,0.999375,"[0.6221627416454409, 0.14764893247430966, 0.015808448145195796, 0.014653902394954652, 0.17946174334310996, 0.020264231996988537]","[0.7261062499999988, 0.02820625000000002, 0.001512499999999996, 0.004965624999999936, 0.219209375, 0.02]","[-0.1039435083545579, 0.11944268247430964, 0.014295948145195799, 0.009688277394954717, -0.03974763165689005, 0.00026423199698853705]",,,,,,,,,"[{""ground_truth_class_index"": 0, ""ground_truth_class_name"": ""empty"", ""kl"": 0.402247501481863, ""predicted_class_index"": 0, ""predicted_class_name"": ""empty"", ""x"": 1, ""y"": 1}, {""ground_truth_class_index"": 4, ""ground_truth_class_name"": ""forest"", ""kl"": 0.3961541019334921, ""predicted_class_index"": 4, ""predicted_class_name"": ""forest"", ""x"": 8, ""y"": 27}, {""ground_truth_class_index"": 4, ""ground_truth_class_name"": ""forest"", ""kl"": 0.3737342179953062, ""predicted_class_index"": 4, ""predicted_class_name"": ""forest"", ""x"": 26, ""y"": 3}, {""ground_truth_class_index"": 0, ""ground_truth_class_name"": ""empty"", ""kl"": 0.3695424276192139, ""predicted_class_index"": 0, ""predicted_class_name"": ""empty"", ""x"": 2, ""y"": 30}, {""ground_truth_class_index"": 4, ""ground_truth_class_name"": ""forest"", ""kl"": 0.3616373302731127, ""predicted_class_index"": 4, ""predicted_class_name"": ""forest"", ""x"": 36, ""y"": 23}, {""ground_truth_class_index"": 4, ""ground_truth_class_name"": ""forest"", ""kl"": 0.35727000288743693, ""predicted_class_index"": 4, ""predicted_class_name"": ""forest"", ""x"": 17, ""y"": 2}, {""ground_truth_class_index"": 0, ""ground_truth_class_name"": ""empty"", ""kl"": 0.35521135473326754, ""predicted_class_index"": 0, ""predicted_class_name"": ""empty"", ""x"": 17, ""y"": 1}, {""ground_truth_class_index"": 4, ""ground_truth_class_name"": ""forest"", ""kl"": 0.34953751043652137, ""predicted_class_index"": 4, ""predicted_class_name"": ""forest"", ""x"": 1, ""y"": 3}, {""ground_truth_class_index"": 0, ""ground_truth_class_name"": ""empty"", ""kl"": 0.34903933937072407, ""predicted_class_index"": 0, ""predicted_class_name"": ""empty"", ""x"": 18, ""y"": 24}, {""ground_truth_class_index"": 4, ""ground_truth_class_name"": ""forest"", ""kl"": 0.34041923893889625, ""predicted_class_index"": 4, ""predicted_class_name"": ""forest"", ""x"": 38, ""y"": 35}]",,
c5cdf100-a876-4fb7-b5d8-757162c97989,8,1,online_interactive,ffam_knn_v5,7,0,0,exploration_r3,6,50,0,48,61.98237464923143,0.1594400404030941,0.6351928787793729,0.21969027061567267,0.99875,"[0.6513348576323378, 0.1249251919465372, 0.015260370342496271, 0.013037003879772935, 0.18453667340020324, 0.010905902798651718]","[0.7479125000000021, 0.015553125000000025, 0.000856249999999998, 0.002287499999999975, 0.2227656249999989, 0.010625]","[-0.09657764236766431, 0.10937206694653717, 0.014404120342496274, 0.01074950387977296, -0.03822895159979567, 0.0002809027986517172]",,,,,,,,,"[{""ground_truth_class_index"": 4, ""ground_truth_class_name"": ""forest"", ""kl"": 0.4928352280444172, ""predicted_class_index"": 4, ""predicted_class_name"": ""forest"", ""x"": 11, ""y"": 34}, {""ground_truth_class_index"": 4, ""ground_truth_class_name"": ""forest"", ""kl"": 0.47670121578492136, ""predicted_class_index"": 4, ""predicted_class_name"": ""forest"", ""x"": 28, ""y"": 38}, {""ground_truth_class_index"": 4, ""ground_truth_class_name"": ""forest"", ""kl"": 0.4584292094863806, ""predicted_class_index"": 4, ""predicted_class_name"": ""forest"", ""x"": 24, ""y"": 26}, {""ground_truth_class_index"": 4, ""ground_truth_class_name"": ""forest"", ""kl"": 0.45330159629709227, ""predicted_class_index"": 4, ""predicted_class_name"": ""forest"", ""x"": 21, ""y"": 37}, {""ground_truth_class_index"": 4, ""ground_truth_class_name"": ""forest"", ""kl"": 0.4364973292297478, ""predicted_class_index"": 4, ""predicted_class_name"": ""forest"", ""x"": 3, ""y"": 8}, {""ground_truth_class_index"": 0, ""ground_truth_class_name"": ""empty"", ""kl"": 0.4129666432131342, ""predicted_class_index"": 0, ""predicted_class_name"": ""empty"", ""x"": 11, ""y"": 33}, {""ground_truth_class_index"": 4, ""ground_truth_class_name"": ""forest"", ""kl"": 0.39984770590694174, ""predicted_class_index"": 4, ""predicted_class_name"": ""forest"", ""x"": 29, ""y"": 38}, {""ground_truth_class_index"": 4, ""ground_truth_class_name"": ""forest"", ""kl"": 0.3912468178159615, ""predicted_class_index"": 4, ""predicted_class_name"": ""forest"", ""x"": 2, ""y"": 25}, {""ground_truth_class_index"": 0, ""ground_truth_class_name"": ""empty"", ""kl"": 0.38791816724170347, ""predicted_class_index"": 1, ""predicted_class_name"": ""settlement"", ""x"": 25, ""y"": 26}, {""ground_truth_class_index"": 0, ""ground_truth_class_name"": ""empty"", ""kl"": 0.3852833030672649, ""predicted_class_index"": 0, ""predicted_class_name"": ""empty"", ""x"": 1, ""y"": 38}]",,
c5cdf100-a876-4fb7-b5d8-757162c97989,8,2,online_interactive,ffam_knn_v5,7,0,0,exploration_r3,6,50,0,48,64.17804515036487,0.14783633654342213,0.7212598869627979,0.3301406692762592,0.995625,"[0.6115618714357375, 0.1602112981117172, 0.012637449491321697, 0.016203681599775685, 0.1797453784514323, 0.019640320910014993]","[0.7272749999999983, 0.030050000000000052, 0.0007749999999999994, 0.005199999999999954, 0.21732499999999988, 0.019375]","[-0.11571312856426086, 0.13016129811171714, 0.011862449491321697, 0.01100368159977573, -0.03757962154856759, 0.00026532091001499336]",,,,,,,,,"[{""ground_truth_class_index"": 0, ""ground_truth_class_name"": ""empty"", ""kl"": 0.440884825404899, ""predicted_class_index"": 1, ""predicted_class_name"": ""settlement"", ""x"": 30, ""y"": 2}, {""ground_truth_class_index"": 0, ""ground_truth_class_name"": ""empty"", ""kl"": 0.4112498860081336, ""predicted_class_index"": 0, ""predicted_class_name"": ""empty"", ""x"": 15, ""y"": 3}, {""ground_truth_class_index"": 0, ""ground_truth_class_name"": ""empty"", ""kl"": 0.39799943388275716, ""predicted_class_index"": 0, ""predicted_class_name"": ""empty"", ""x"": 33, ""y"": 21}, {""ground_truth_class_index"": 0, ""ground_truth_class_name"": ""empty"", ""kl"": 0.397859593215911, ""predicted_class_index"": 1, ""predicted_class_name"": ""settlement"", ""x"": 37, ""y"": 10}, {""ground_truth_class_index"": 4, ""ground_truth_class_name"": ""forest"", ""kl"": 0.38614196720833815, ""predicted_class_index"": 4, ""predicted_class_name"": ""forest"", ""x"": 38, ""y"": 9}, {""ground_truth_class_index"": 0, ""ground_truth_class_name"": ""empty"", ""kl"": 0.3761584095063161, ""predicted_class_index"": 0, ""predicted_class_name"": ""empty"", ""x"": 37, ""y"": 36}, {""ground_truth_class_index"": 0, ""ground_truth_class_name"": ""empty"", ""kl"": 0.3661399223418136, ""predicted_class_index"": 0, ""predicted_class_name"": ""empty"", ""x"": 37, ""y"": 34}, {""ground_truth_class_index"": 4, ""ground_truth_class_name"": ""forest"", ""kl"": 0.36272390152005357, ""predicted_class_index"": 4, ""predicted_class_name"": ""forest"", ""x"": 5, ""y"": 4}, {""ground_truth_class_index"": 4, ""ground_truth_class_name"": ""forest"", ""kl"": 0.3560679124861787, ""predicted_class_index"": 4, ""predicted_class_name"": ""forest"", ""x"": 17, ""y"": 4}, {""ground_truth_class_index"": 0, ""ground_truth_class_name"": ""empty"", ""kl"": 0.3523724594803357, ""predicted_class_index"": 0, ""predicted_class_name"": ""empty"", ""x"": 37, ""y"": 12}]",,
c5cdf100-a876-4fb7-b5d8-757162c97989,8,3,online_interactive,ffam_knn_v5,7,0,0,exploration_r3,6,50,0,48,65.11703432420718,0.14299466901176555,0.6224302491847634,0.24068410874907087,0.998125,"[0.6431847834531479, 0.1277508869284966, 0.013195340048072877, 0.01250018210767596, 0.1868480954310513, 0.01652071203155485]","[0.7332937500000007, 0.019375000000000035, 0.000868749999999999, 0.0034812499999999583, 0.22673124999999902, 0.01625]","[-0.09010896654685285, 0.10837588692849656, 0.012326590048072877, 0.009018932107676002, -0.039883154568947726, 0.00027071203155484835]",,,,,,,,,"[{""ground_truth_class_index"": 4, ""ground_truth_class_name"": ""forest"", ""kl"": 0.5682604237040322, ""predicted_class_index"": 4, ""predicted_class_name"": ""forest"", ""x"": 3, ""y"": 18}, {""ground_truth_class_index"": 4, ""ground_truth_class_name"": ""forest"", ""kl"": 0.5017765535651342, ""predicted_class_index"": 4, ""predicted_class_name"": ""forest"", ""x"": 2, ""y"": 18}, {""ground_truth_class_index"": 0, ""ground_truth_class_name"": ""empty"", ""kl"": 0.4795818462362281, ""predicted_class_index"": 1, ""predicted_class_name"": ""settlement"", ""x"": 8, ""y"": 24}, {""ground_truth_class_index"": 4, ""ground_truth_class_name"": ""forest"", ""kl"": 0.44852158764209993, ""predicted_class_index"": 4, ""predicted_class_name"": ""forest"", ""x"": 24, ""y"": 16}, {""ground_truth_class_index"": 4, ""ground_truth_class_name"": ""forest"", ""kl"": 0.4362792089382406, ""predicted_class_index"": 4, ""predicted_class_name"": ""forest"", ""x"": 25, ""y"": 17}, {""ground_truth_class_index"": 4, ""ground_truth_class_name"": ""forest"", ""kl"": 0.4122156166694882, ""predicted_class_index"": 4, ""predicted_class_name"": ""forest"", ""x"": 6, ""y"": 34}, {""ground_truth_class_index"": 4, ""ground_truth_class_name"": ""forest"", ""kl"": 0.411260235152042, ""predicted_class_index"": 4, ""predicted_class_name"": ""forest"", ""x"": 16, ""y"": 36}, {""ground_truth_class_index"": 4, ""ground_truth_class_name"": ""forest"", ""kl"": 0.4105999554316775, ""predicted_class_index"": 4, ""predicted_class_name"": ""forest"", ""x"": 5, ""y"": 35}, {""ground_truth_class_index"": 4, ""ground_truth_class_name"": ""forest"", ""kl"": 0.4038709083926219, ""predicted_class_index"": 4, ""predicted_class_name"": ""forest"", ""x"": 14, ""y"": 17}, {""ground_truth_class_index"": 4, ""ground_truth_class_name"": ""forest"", ""kl"": 0.40243251385671, ""predicted_class_index"": 4, ""predicted_class_name"": ""forest"", ""x"": 33, ""y"": 36}]",,
c5cdf100-a876-4fb7-b5d8-757162c97989,8,4,online_interactive,ffam_knn_v5,7,0,0,exploration_r3,6,50,0,48,62.7402143745877,0.15538918878626148,0.67722222936607,0.22080723581177403,0.99875,"[0.6366468702715093, 0.13951489877653056, 0.010707143162226731, 0.015550264566610522, 0.1766928490418793, 0.02088797418124292]","[0.7459218750000011, 0.01757187500000005, 0.0005187500000000003, 0.0027093749999999696, 0.21265312499999842, 0.020625]","[-0.10927500472849172, 0.12194302377653052, 0.01018839316222673, 0.012840889566610551, -0.035960275958119126, 0.00026297418124291913]",,,,,,,,,"[{""ground_truth_class_index"": 4, ""ground_truth_class_name"": ""forest"", ""kl"": 0.48992354464250004, ""predicted_class_index"": 4, ""predicted_class_name"": ""forest"", ""x"": 15, ""y"": 34}, {""ground_truth_class_index"": 4, ""ground_truth_class_name"": ""forest"", ""kl"": 0.468007904211325, ""predicted_class_index"": 4, ""predicted_class_name"": ""forest"", ""x"": 38, ""y"": 34}, {""ground_truth_class_index"": 0, ""ground_truth_class_name"": ""empty"", ""kl"": 0.4565297282297297, ""predicted_class_index"": 0, ""predicted_class_name"": ""empty"", ""x"": 37, ""y"": 34}, {""ground_truth_class_index"": 0, ""ground_truth_class_name"": ""empty"", ""kl"": 0.447250174795437, ""predicted_class_index"": 0, ""predicted_class_name"": ""empty"", ""x"": 36, ""y"": 37}, {""ground_truth_class_index"": 4, ""ground_truth_class_name"": ""forest"", ""kl"": 0.44453340544875414, ""predicted_class_index"": 4, ""predicted_class_name"": ""forest"", ""x"": 37, ""y"": 33}, {""ground_truth_class_index"": 0, ""ground_truth_class_name"": ""empty"", ""kl"": 0.44153965614904417, ""predicted_class_index"": 0, ""predicted_class_name"": ""empty"", ""x"": 36, ""y"": 35}, {""ground_truth_class_index"": 0, ""ground_truth_class_name"": ""empty"", ""kl"": 0.43980060093572937, ""predicted_class_index"": 0, ""predicted_class_name"": ""empty"", ""x"": 37, ""y"": 37}, {""ground_truth_class_index"": 4, ""ground_truth_class_name"": ""forest"", ""kl"": 0.42023389461279226, ""predicted_class_index"": 4, ""predicted_class_name"": ""forest"", ""x"": 37, ""y"": 23}, {""ground_truth_class_index"": 0, ""ground_truth_class_name"": ""empty"", ""kl"": 0.41470834749397006, ""predicted_class_index"": 0, ""predicted_class_name"": ""empty"", ""x"": 37, ""y"": 35}, {""ground_truth_class_index"": 4, ""ground_truth_class_name"": ""forest"", ""kl"": 0.41446432868695005, ""predicted_class_index"": 4, ""predicted_class_name"": ""forest"", ""x"": 37, ""y"": 29}]",,
f1dac9a9-5cf1-49a9-8f17-d6cb5d5ba5cb,3,0,online_interactive,ffam_knn_v5,7,0,0,exploration_r3,6,50,0,48,47.465835592378646,0.24838666147304372,0.819281223500543,0.06202963638818603,0.97,"[0.5973325204184081, 0.14591076301108707, 0.036340578811285586, 0.01595382392541311, 0.20340779364422049, 0.0010545201895865721]","[0.7430218750000003, 0.002034374999999993, 7.5e-05, 0.0005250000000000004, 0.2262187499999999, 0.028125]","[-0.14568935458159216, 0.14387638801108707, 0.03626557881128559, 0.015428823925413108, -0.022810956355779427, -0.02707047981041343]",,,,,,,,,"[{""ground_truth_class_index"": 5, ""ground_truth_class_name"": ""mountain"", ""kl"": 3.984995380861863, ""predicted_class_index"": 0, ""predicted_class_name"": ""empty"", ""x"": 10, ""y"": 15}, {""ground_truth_class_index"": 5, ""ground_truth_class_name"": ""mountain"", ""kl"": 3.98487671383999, ""predicted_class_index"": 0, ""predicted_class_name"": ""empty"", ""x"": 9, ""y"": 14}, {""ground_truth_class_index"": 5, ""ground_truth_class_name"": ""mountain"", ""kl"": 3.981227341509284, ""predicted_class_index"": 0, ""predicted_class_name"": ""empty"", ""x"": 13, ""y"": 16}, {""ground_truth_class_index"": 5, ""ground_truth_class_name"": ""mountain"", ""kl"": 3.9812121956821285, ""predicted_class_index"": 0, ""predicted_class_name"": ""empty"", ""x"": 23, ""y"": 19}, {""ground_truth_class_index"": 5, ""ground_truth_class_name"": ""mountain"", ""kl"": 3.9812119467056135, ""predicted_class_index"": 0, ""predicted_class_name"": ""empty"", ""x"": 22, ""y"": 20}, {""ground_truth_class_index"": 5, ""ground_truth_class_name"": ""mountain"", ""kl"": 3.9812099566401993, ""predicted_class_index"": 0, ""predicted_class_name"": ""empty"", ""x"": 18, ""y"": 23}, {""ground_truth_class_index"": 5, ""ground_truth_class_name"": ""mountain"", ""kl"": 3.9812098320024996, ""predicted_class_index"": 0, ""predicted_class_name"": ""empty"", ""x"": 21, ""y"": 20}, {""ground_truth_class_index"": 5, ""ground_truth_class_name"": ""mountain"", ""kl"": 3.981194911843884, ""predicted_class_index"": 0, ""predicted_class_name"": ""empty"", ""x"": 7, ""y"": 15}, {""ground_truth_class_index"": 5, ""ground_truth_class_name"": ""mountain"", ""kl"": 3.9811593680913018, ""predicted_class_index"": 0, ""predicted_class_name"": ""empty"", ""x"": 23, ""y"": 17}, {""ground_truth_class_index"": 5, ""ground_truth_class_name"": ""mountain"", ""kl"": 3.981154199171352, ""predicted_class_index"": 0, ""predicted_class_name"": ""empty"", ""x"": 13, ""y"": 5}]",,
f1dac9a9-5cf1-49a9-8f17-d6cb5d5ba5cb,3,1,online_interactive,ffam_knn_v5,7,0,0,exploration_r3,6,50,0,48,39.35501463024815,0.31084892754768784,0.9197524220860288,0.08864379116476247,0.980625,"[0.5675190900923368, 0.1959347047270856, 0.03379824239709236, 0.022257877341101698, 0.17986919181024974, 0.0006208936321322891]","[0.7719843750000002, 0.003106249999999983, 5e-05, 0.0006250000000000004, 0.21235937499999985, 0.011875]","[-0.20446528490766336, 0.19282845472708562, 0.03374824239709236, 0.021632877341101697, -0.03249018318975011, -0.011254106367867712]",,,,,,,,,"[{""ground_truth_class_index"": 5, ""ground_truth_class_name"": ""mountain"", ""kl"": 3.9847238358634627, ""predicted_class_index"": 0, ""predicted_class_name"": ""empty"", ""x"": 10, ""y"": 5}, {""ground_truth_class_index"": 5, ""ground_truth_class_name"": ""mountain"", ""kl"": 3.9811131314117922, ""predicted_class_index"": 0, ""predicted_class_name"": ""empty"", ""x"": 15, ""y"": 3}, {""ground_truth_class_index"": 5, ""ground_truth_class_name"": ""mountain"", ""kl"": 3.9810437808901082, ""predicted_class_index"": 0, ""predicted_class_name"": ""empty"", ""x"": 14, ""y"": 3}, {""ground_truth_class_index"": 5, ""ground_truth_class_name"": ""mountain"", ""kl"": 3.981022716331442, ""predicted_class_index"": 0, ""predicted_class_name"": ""empty"", ""x"": 6, ""y"": 2}, {""ground_truth_class_index"": 5, ""ground_truth_class_name"": ""mountain"", ""kl"": 3.9810140971510526, ""predicted_class_index"": 0, ""predicted_class_name"": ""empty"", ""x"": 11, ""y"": 4}, {""ground_truth_class_index"": 5, ""ground_truth_class_name"": ""mountain"", ""kl"": 3.9809441779755623, ""predicted_class_index"": 0, ""predicted_class_name"": ""empty"", ""x"": 23, ""y"": 30}, {""ground_truth_class_index"": 5, ""ground_truth_class_name"": ""mountain"", ""kl"": 3.9808820279913024, ""predicted_class_index"": 0, ""predicted_class_name"": ""empty"", ""x"": 12, ""y"": 5}, {""ground_truth_class_index"": 5, ""ground_truth_class_name"": ""mountain"", ""kl"": 3.9804434501973094, ""predicted_class_index"": 0, ""predicted_class_name"": ""empty"", ""x"": 4, ""y"": 3}, {""ground_truth_class_index"": 5, ""ground_truth_class_name"": ""mountain"", ""kl"": 3.977289740512566, ""predicted_class_index"": 0, ""predicted_class_name"": ""empty"", ""x"": 22, ""y"": 30}, {""ground_truth_class_index"": 5, ""ground_truth_class_name"": ""mountain"", ""kl"": 3.9772118161645897, ""predicted_class_index"": 0, ""predicted_class_name"": ""empty"", ""x"": 12, ""y"": 4}]",,
f1dac9a9-5cf1-49a9-8f17-d6cb5d5ba5cb,3,2,online_interactive,ffam_knn_v5,7,0,0,exploration_r3,6,50,0,48,41.429993728374676,0.29372169375921064,0.8293583124145505,0.06668768998495639,0.98,"[0.5976683013676769, 0.16213363018419255, 0.03393799971670843, 0.016526267984472535, 0.18886728907725228, 0.0008665116696983533]","[0.7647875, 0.0022343749999999903, 5.3125e-05, 0.0005000000000000003, 0.21492499999999992, 0.0175]","[-0.16711919863232305, 0.15989925518419257, 0.03388487471670843, 0.016026267984472535, -0.02605771092274764, -0.01663348833030165]",,,,,,,,,"[{""ground_truth_class_index"": 5, ""ground_truth_class_name"": ""mountain"", ""kl"": 3.9812125296722463, ""predicted_class_index"": 0, ""predicted_class_name"": ""empty"", ""x"": 17, ""y"": 23}, {""ground_truth_class_index"": 5, ""ground_truth_class_name"": ""mountain"", ""kl"": 3.9812094751326814, ""predicted_class_index"": 0, ""predicted_class_name"": ""empty"", ""x"": 30, ""y"": 8}, {""ground_truth_class_index"": 5, ""ground_truth_class_name"": ""mountain"", ""kl"": 3.980984068198264, ""predicted_class_index"": 0, ""predicted_class_name"": ""empty"", ""x"": 22, ""y"": 34}, {""ground_truth_class_index"": 5, ""ground_truth_class_name"": ""mountain"", ""kl"": 3.9809179320586363, ""predicted_class_index"": 0, ""predicted_class_name"": ""empty"", ""x"": 31, ""y"": 8}, {""ground_truth_class_index"": 5, ""ground_truth_class_name"": ""mountain"", ""kl"": 3.9809175622689312, ""predicted_class_index"": 0, ""predicted_class_name"": ""empty"", ""x"": 23, ""y"": 30}, {""ground_truth_class_index"": 5, ""ground_truth_class_name"": ""mountain"", ""kl"": 3.980825548183398, ""predicted_class_index"": 0, ""predicted_class_name"": ""empty"", ""x"": 23, ""y"": 31}, {""ground_truth_class_index"": 5, ""ground_truth_class_name"": ""mountain"", ""kl"": 3.980809988483781, ""predicted_class_index"": 0, ""predicted_class_name"": ""empty"", ""x"": 16, ""y"": 21}, {""ground_truth_class_index"": 5, ""ground_truth_class_name"": ""mountain"", ""kl"": 3.9807585266971057, ""predicted_class_index"": 0, ""predicted_class_name"": ""empty"", ""x"": 22, ""y"": 32}, {""ground_truth_class_index"": 5, ""ground_truth_class_name"": ""mountain"", ""kl"": 3.97753096091964, ""predicted_class_index"": 0, ""predicted_class_name"": ""empty"", ""x"": 19, ""y"": 24}, {""ground_truth_class_index"": 5, ""ground_truth_class_name"": ""mountain"", ""kl"": 3.977411163122432, ""predicted_class_index"": 0, ""predicted_class_name"": ""empty"", ""x"": 17, ""y"": 22}]",,
f1dac9a9-5cf1-49a9-8f17-d6cb5d5ba5cb,3,3,online_interactive,ffam_knn_v5,7,0,0,exploration_r3,6,50,0,48,42.51297922951224,0.28512025434842747,0.8237658356694949,0.061765997890443035,0.976875,"[0.5912492791226794, 0.157992715771839, 0.034916949680329316, 0.015762367942009338, 0.19928264414557056, 0.0007960433375724086]","[0.7493999999999988, 0.0023656249999999906, 3.749999999999999e-05, 0.0005031250000000004, 0.22519374999999994, 0.0225]","[-0.1581507208773194, 0.155627090771839, 0.034879449680329314, 0.015259242942009338, -0.025911105854429378, -0.021703956662427592]",,,,,,,,,"[{""ground_truth_class_index"": 5, ""ground_truth_class_name"": ""mountain"", ""kl"": 3.985010612127299, ""predicted_class_index"": 0, ""predicted_class_name"": ""empty"", ""x"": 14, ""y"": 32}, {""ground_truth_class_index"": 5, ""ground_truth_class_name"": ""mountain"", ""kl"": 3.984936720407547, ""predicted_class_index"": 0, ""predicted_class_name"": ""empty"", ""x"": 34, ""y"": 17}, {""ground_truth_class_index"": 5, ""ground_truth_class_name"": ""mountain"", ""kl"": 3.984884953099556, ""predicted_class_index"": 0, ""predicted_class_name"": ""empty"", ""x"": 20, ""y"": 15}, {""ground_truth_class_index"": 5, ""ground_truth_class_name"": ""mountain"", ""kl"": 3.984623209279037, ""predicted_class_index"": 0, ""predicted_class_name"": ""empty"", ""x"": 3, ""y"": 7}, {""ground_truth_class_index"": 5, ""ground_truth_class_name"": ""mountain"", ""kl"": 3.9812121796967, ""predicted_class_index"": 0, ""predicted_class_name"": ""empty"", ""x"": 7, ""y"": 14}, {""ground_truth_class_index"": 5, ""ground_truth_class_name"": ""mountain"", ""kl"": 3.981194884816227, ""predicted_class_index"": 0, ""predicted_class_name"": ""empty"", ""x"": 17, ""y"": 31}, {""ground_truth_class_index"": 5, ""ground_truth_class_name"": ""mountain"", ""kl"": 3.9811835185844338, ""predicted_class_index"": 0, ""predicted_class_name"": ""empty"", ""x"": 16, ""y"": 12}, {""ground_truth_class_index"": 5, ""ground_truth_class_name"": ""mountain"", ""kl"": 3.9811802914990815, ""predicted_class_index"": 0, ""predicted_class_name"": ""empty"", ""x"": 16, ""y"": 32}, {""ground_truth_class_index"": 5, ""ground_truth_class_name"": ""mountain"", ""kl"": 3.9811574925157522, ""predicted_class_index"": 0, ""predicted_class_name"": ""empty"", ""x"": 19, ""y"": 14}, {""ground_truth_class_index"": 5, ""ground_truth_class_name"": ""mountain"", ""kl"": 3.9811296402538394, ""predicted_class_index"": 0, ""predicted_class_name"": ""empty"", ""x"": 15, ""y"": 31}]",,
f1dac9a9-5cf1-49a9-8f17-d6cb5d5ba5cb,3,4,online_interactive,ffam_knn_v5,7,0,0,exploration_r3,6,50,0,48,39.23694936346264,0.31185043244803284,0.837259433171542,0.06145382066689442,0.979375,"[0.5987960727234374, 0.16527035651354313, 0.023349831589388463, 0.01874193058652794, 0.1931823747005007, 0.0006594338866029414]","[0.7640062500000002, 0.0018874999999999923, 3.75e-05, 0.0004343750000000003, 0.21863437499999994, 0.015]","[-0.16521017727656284, 0.16338285651354315, 0.023312331589388464, 0.01830755558652794, -0.025452000299499233, -0.014340566113397058]",,,,,,,,,"[{""ground_truth_class_index"": 5, ""ground_truth_class_name"": ""mountain"", ""kl"": 3.9848890479670347, ""predicted_class_index"": 0, ""predicted_class_name"": ""empty"", ""x"": 6, ""y"": 8}, {""ground_truth_class_index"": 5, ""ground_truth_class_name"": ""mountain"", ""kl"": 3.984874251655211, ""predicted_class_index"": 0, ""predicted_class_name"": ""empty"", ""x"": 7, ""y"": 9}, {""ground_truth_class_index"": 5, ""ground_truth_class_name"": ""mountain"", ""kl"": 3.981023726665033, ""predicted_class_index"": 0, ""predicted_class_name"": ""empty"", ""x"": 6, ""y"": 10}, {""ground_truth_class_index"": 5, ""ground_truth_class_name"": ""mountain"", ""kl"": 3.980915562142664, ""predicted_class_index"": 0, ""predicted_class_name"": ""empty"", ""x"": 23, ""y"": 8}, {""ground_truth_class_index"": 5, ""ground_truth_class_name"": ""mountain"", ""kl"": 3.980907808454521, ""predicted_class_index"": 0, ""predicted_class_name"": ""empty"", ""x"": 31, ""y"": 2}, {""ground_truth_class_index"": 5, ""ground_truth_class_name"": ""mountain"", ""kl"": 3.980900001727417, ""predicted_class_index"": 0, ""predicted_class_name"": ""empty"", ""x"": 24, ""y"": 7}, {""ground_truth_class_index"": 5, ""ground_truth_class_name"": ""mountain"", ""kl"": 3.9781068201907477, ""predicted_class_index"": 0, ""predicted_class_name"": ""empty"", ""x"": 33, ""y"": 2}, {""ground_truth_class_index"": 5, ""ground_truth_class_name"": ""mountain"", ""kl"": 3.977528547530044, ""predicted_class_index"": 0, ""predicted_class_name"": ""empty"", ""x"": 24, ""y"": 4}, {""ground_truth_class_index"": 5, ""ground_truth_class_name"": ""mountain"", ""kl"": 3.9773297502928213, ""predicted_class_index"": 0, ""predicted_class_name"": ""empty"", ""x"": 24, ""y"": 8}, {""ground_truth_class_index"": 5, ""ground_truth_class_name"": ""mountain"", ""kl"": 3.9772924835031143, ""predicted_class_index"": 0, ""predicted_class_name"": ""empty"", ""x"": 7, ""y"": 11}]",,
fd3c92ff-3178-4dc9-8d9b-acf389b3982b,5,0,online_interactive,ffam_knn_v5,7,0,0,exploration_r3,6,50,0,48,76.06304530139013,0.0912025487144708,0.6945966077230361,0.4939309593677595,0.97625,"[0.6358898670432458, 0.14213070307048625, 0.010916708593247426, 0.017091317356895192, 0.1774506647316042, 0.016520739204520383]","[0.6675906250000003, 0.11830937499999981, 0.00748125, 0.01130312500000001, 0.1790656249999995, 0.01625]","[-0.03170075795675453, 0.02382132807048644, 0.0034354585932474258, 0.005788192356895183, -0.0016149602683953046, 0.0002707392045203823]",,,,,,,,,"[{""ground_truth_class_index"": 1, ""ground_truth_class_name"": ""settlement"", ""kl"": 0.6476233334777095, ""predicted_class_index"": 4, ""predicted_class_name"": ""forest"", ""x"": 33, ""y"": 8}, {""ground_truth_class_index"": 0, ""ground_truth_class_name"": ""empty"", ""kl"": 0.5474621483331207, ""predicted_class_index"": 0, ""predicted_class_name"": ""empty"", ""x"": 1, ""y"": 15}, {""ground_truth_class_index"": 0, ""ground_truth_class_name"": ""empty"", ""kl"": 0.5423722081369647, ""predicted_class_index"": 0, ""predicted_class_name"": ""empty"", ""x"": 22, ""y"": 4}, {""ground_truth_class_index"": 0, ""ground_truth_class_name"": ""empty"", ""kl"": 0.5236644504744092, ""predicted_class_index"": 0, ""predicted_class_name"": ""empty"", ""x"": 34, ""y"": 23}, {""ground_truth_class_index"": 0, ""ground_truth_class_name"": ""empty"", ""kl"": 0.48635204838972695, ""predicted_class_index"": 0, ""predicted_class_name"": ""empty"", ""x"": 15, ""y"": 8}, {""ground_truth_class_index"": 0, ""ground_truth_class_name"": ""empty"", ""kl"": 0.4709283602675935, ""predicted_class_index"": 0, ""predicted_class_name"": ""empty"", ""x"": 1, ""y"": 17}, {""ground_truth_class_index"": 4, ""ground_truth_class_name"": ""forest"", ""kl"": 0.43596246541550737, ""predicted_class_index"": 4, ""predicted_class_name"": ""forest"", ""x"": 20, ""y"": 14}, {""ground_truth_class_index"": 4, ""ground_truth_class_name"": ""forest"", ""kl"": 0.4272374073765446, ""predicted_class_index"": 4, ""predicted_class_name"": ""forest"", ""x"": 36, ""y"": 2}, {""ground_truth_class_index"": 1, ""ground_truth_class_name"": ""settlement"", ""kl"": 0.42674748780896943, ""predicted_class_index"": 4, ""predicted_class_name"": ""forest"", ""x"": 33, ""y"": 7}, {""ground_truth_class_index"": 4, ""ground_truth_class_name"": ""forest"", ""kl"": 0.42464648779364106, ""predicted_class_index"": 4, ""predicted_class_name"": ""forest"", ""x"": 31, ""y"": 14}]",,
fd3c92ff-3178-4dc9-8d9b-acf389b3982b,5,1,online_interactive,ffam_knn_v5,7,0,0,exploration_r3,6,50,0,48,81.3996223833094,0.0685998506720134,0.6118932276325847,0.43123275714827713,0.97,"[0.6408382374804278, 0.12441599922901628, 0.010820495181657947, 0.012133222309107669, 0.19339961562112504, 0.018392430178666236]","[0.661812500000001, 0.1071593749999999, 0.007534375000000001, 0.009965625000000027, 0.19540312499999954, 0.018125]","[-0.02097426251957324, 0.017256624229016373, 0.0032861201816579456, 0.0021675973091076425, -0.0020035093788745018, 0.0002674301786662371]",,,,,,,,,"[{""ground_truth_class_index"": 1, ""ground_truth_class_name"": ""settlement"", ""kl"": 0.5120428880515729, ""predicted_class_index"": 0, ""predicted_class_name"": ""empty"", ""x"": 22, ""y"": 3}, {""ground_truth_class_index"": 4, ""ground_truth_class_name"": ""forest"", ""kl"": 0.37176570968099326, ""predicted_class_index"": 4, ""predicted_class_name"": ""forest"", ""x"": 36, ""y"": 36}, {""ground_truth_class_index"": 4, ""ground_truth_class_name"": ""forest"", ""kl"": 0.3546571162813713, ""predicted_class_index"": 4, ""predicted_class_name"": ""forest"", ""x"": 13, ""y"": 31}, {""ground_truth_class_index"": 4, ""ground_truth_class_name"": ""forest"", ""kl"": 0.35234021213082906, ""predicted_class_index"": 4, ""predicted_class_name"": ""forest"", ""x"": 32, ""y"": 13}, {""ground_truth_class_index"": 0, ""ground_truth_class_name"": ""empty"", ""kl"": 0.3253586871107596, ""predicted_class_index"": 0, ""predicted_class_name"": ""empty"", ""x"": 30, ""y"": 1}, {""ground_truth_class_index"": 1, ""ground_truth_class_name"": ""settlement"", ""kl"": 0.3167709097770325, ""predicted_class_index"": 4, ""predicted_class_name"": ""forest"", ""x"": 10, ""y"": 34}, {""ground_truth_class_index"": 4, ""ground_truth_class_name"": ""forest"", ""kl"": 0.3056722932991493, ""predicted_class_index"": 4, ""predicted_class_name"": ""forest"", ""x"": 30, ""y"": 21}, {""ground_truth_class_index"": 1, ""ground_truth_class_name"": ""settlement"", ""kl"": 0.3053867640739831, ""predicted_class_index"": 4, ""predicted_class_name"": ""forest"", ""x"": 8, ""y"": 33}, {""ground_truth_class_index"": 1, ""ground_truth_class_name"": ""settlement"", ""kl"": 0.30389189618614143, ""predicted_class_index"": 4, ""predicted_class_name"": ""forest"", ""x"": 22, ""y"": 2}, {""ground_truth_class_index"": 1, ""ground_truth_class_name"": ""settlement"", ""kl"": 0.30186137985599515, ""predicted_class_index"": 4, ""predicted_class_name"": ""forest"", ""x"": 9, ""y"": 33}]",,
fd3c92ff-3178-4dc9-8d9b-acf389b3982b,5,2,online_interactive,ffam_knn_v5,7,0,0,exploration_r3,6,50,0,48,84.49996401501055,0.05613969249430575,0.699987789436574,0.5153972522020946,0.98,"[0.6157499184747688, 0.1430117574379959, 0.013971373355177381, 0.014921076304176502, 0.19332950341528424, 0.01901637101259703]","[0.6434968749999997, 0.11920000000000001, 0.008115625000000005, 0.011940625000000031, 0.19849687499999916, 0.01875]","[-0.02774695652523096, 0.023811757437995892, 0.005855748355177376, 0.0029804513041764708, -0.005167371584714919, 0.0002663710125970324]",,,,,,,,,"[{""ground_truth_class_index"": 4, ""ground_truth_class_name"": ""forest"", ""kl"": 0.39330859863416723, ""predicted_class_index"": 4, ""predicted_class_name"": ""forest"", ""x"": 1, ""y"": 19}, {""ground_truth_class_index"": 4, ""ground_truth_class_name"": ""forest"", ""kl"": 0.3646044800521775, ""predicted_class_index"": 4, ""predicted_class_name"": ""forest"", ""x"": 29, ""y"": 4}, {""ground_truth_class_index"": 0, ""ground_truth_class_name"": ""empty"", ""kl"": 0.3590510240396715, ""predicted_class_index"": 0, ""predicted_class_name"": ""empty"", ""x"": 11, ""y"": 9}, {""ground_truth_class_index"": 0, ""ground_truth_class_name"": ""empty"", ""kl"": 0.34542911856808173, ""predicted_class_index"": 0, ""predicted_class_name"": ""empty"", ""x"": 4, ""y"": 11}, {""ground_truth_class_index"": 0, ""ground_truth_class_name"": ""empty"", ""kl"": 0.34251705207679484, ""predicted_class_index"": 0, ""predicted_class_name"": ""empty"", ""x"": 10, ""y"": 10}, {""ground_truth_class_index"": 4, ""ground_truth_class_name"": ""forest"", ""kl"": 0.3215466654502317, ""predicted_class_index"": 4, ""predicted_class_name"": ""forest"", ""x"": 22, ""y"": 32}, {""ground_truth_class_index"": 0, ""ground_truth_class_name"": ""empty"", ""kl"": 0.31588048935836704, ""predicted_class_index"": 0, ""predicted_class_name"": ""empty"", ""x"": 21, ""y"": 2}, {""ground_truth_class_index"": 0, ""ground_truth_class_name"": ""empty"", ""kl"": 0.3147792550199269, ""predicted_class_index"": 0, ""predicted_class_name"": ""empty"", ""x"": 30, ""y"": 25}, {""ground_truth_class_index"": 0, ""ground_truth_class_name"": ""empty"", ""kl"": 0.31364038804872296, ""predicted_class_index"": 0, ""predicted_class_name"": ""empty"", ""x"": 12, ""y"": 8}, {""ground_truth_class_index"": 4, ""ground_truth_class_name"": ""forest"", ""kl"": 0.31124020950517317, ""predicted_class_index"": 4, ""predicted_class_name"": ""forest"", ""x"": 34, ""y"": 29}]",,
fd3c92ff-3178-4dc9-8d9b-acf389b3982b,5,3,online_interactive,ffam_knn_v5,7,0,0,exploration_r3,6,50,0,48,84.77040610586192,0.05507456290007195,0.6550943874123858,0.4894973509652186,0.98875,"[0.6238019739409207, 0.13680069245562576, 0.013832676801170056, 0.013188871300965872, 0.18587297510302986, 0.02650281039828726]","[0.6542906249999997, 0.10593437499999998, 0.008312499999999999, 0.012365624999999998, 0.19284687499999947, 0.02625]","[-0.03048865105907894, 0.030866317455625777, 0.005520176801170057, 0.0008232463009658735, -0.006973899896969615, 0.00025281039828725996]",,,,,,,,,"[{""ground_truth_class_index"": 4, ""ground_truth_class_name"": ""forest"", ""kl"": 0.4241155153579237, ""predicted_class_index"": 4, ""predicted_class_name"": ""forest"", ""x"": 17, ""y"": 3}, {""ground_truth_class_index"": 4, ""ground_truth_class_name"": ""forest"", ""kl"": 0.3934252647865392, ""predicted_class_index"": 4, ""predicted_class_name"": ""forest"", ""x"": 23, ""y"": 15}, {""ground_truth_class_index"": 0, ""ground_truth_class_name"": ""empty"", ""kl"": 0.37080508611458923, ""predicted_class_index"": 0, ""predicted_class_name"": ""empty"", ""x"": 35, ""y"": 2}, {""ground_truth_class_index"": 0, ""ground_truth_class_name"": ""empty"", ""kl"": 0.35994775526250333, ""predicted_class_index"": 0, ""predicted_class_name"": ""empty"", ""x"": 24, ""y"": 22}, {""ground_truth_class_index"": 0, ""ground_truth_class_name"": ""empty"", ""kl"": 0.3516763973601189, ""predicted_class_index"": 0, ""predicted_class_name"": ""empty"", ""x"": 25, ""y"": 19}, {""ground_truth_class_index"": 0, ""ground_truth_class_name"": ""empty"", ""kl"": 0.33705863272822423, ""predicted_class_index"": 0, ""predicted_class_name"": ""empty"", ""x"": 7, ""y"": 6}, {""ground_truth_class_index"": 4, ""ground_truth_class_name"": ""forest"", ""kl"": 0.3355607251714412, ""predicted_class_index"": 4, ""predicted_class_name"": ""forest"", ""x"": 18, ""y"": 3}, {""ground_truth_class_index"": 4, ""ground_truth_class_name"": ""forest"", ""kl"": 0.3323399980246318, ""predicted_class_index"": 4, ""predicted_class_name"": ""forest"", ""x"": 16, ""y"": 3}, {""ground_truth_class_index"": 4, ""ground_truth_class_name"": ""forest"", ""kl"": 0.3310174380428249, ""predicted_class_index"": 4, ""predicted_class_name"": ""forest"", ""x"": 16, ""y"": 4}, {""ground_truth_class_index"": 0, ""ground_truth_class_name"": ""empty"", ""kl"": 0.33037542974627154, ""predicted_class_index"": 0, ""predicted_class_name"": ""empty"", ""x"": 8, ""y"": 6}]",,
fd3c92ff-3178-4dc9-8d9b-acf389b3982b,5,4,online_interactive,ffam_knn_v5,7,0,0,exploration_r3,6,50,0,48,84.21935313526686,0.057248481312812856,0.6883765810722022,0.4788706260641596,0.989375,"[0.6159293064246776, 0.1425668614222457, 0.012731429383414811, 0.014877909455373897, 0.1886391454746535, 0.02525534783963498]","[0.6524093749999996, 0.10528750000000013, 0.007043749999999998, 0.012190625000000024, 0.19806874999999963, 0.025]","[-0.036480068575322044, 0.03727936142224557, 0.005687679383414813, 0.002687284455373872, -0.009429604525346136, 0.0002553478396349791]",,,,,,,,,"[{""ground_truth_class_index"": 0, ""ground_truth_class_name"": ""empty"", ""kl"": 0.3598889172174008, ""predicted_class_index"": 0, ""predicted_class_name"": ""empty"", ""x"": 1, ""y"": 15}, {""ground_truth_class_index"": 4, ""ground_truth_class_name"": ""forest"", ""kl"": 0.3577435634029132, ""predicted_class_index"": 4, ""predicted_class_name"": ""forest"", ""x"": 1, ""y"": 10}, {""ground_truth_class_index"": 4, ""ground_truth_class_name"": ""forest"", ""kl"": 0.3563363683852883, ""predicted_class_index"": 4, ""predicted_class_name"": ""forest"", ""x"": 37, ""y"": 17}, {""ground_truth_class_index"": 4, ""ground_truth_class_name"": ""forest"", ""kl"": 0.3495669835413675, ""predicted_class_index"": 4, ""predicted_class_name"": ""forest"", ""x"": 31, ""y"": 34}, {""ground_truth_class_index"": 4, ""ground_truth_class_name"": ""forest"", ""kl"": 0.3494066322024709, ""predicted_class_index"": 4, ""predicted_class_name"": ""forest"", ""x"": 5, ""y"": 9}, {""ground_truth_class_index"": 4, ""ground_truth_class_name"": ""forest"", ""kl"": 0.34815729628070674, ""predicted_class_index"": 4, ""predicted_class_name"": ""forest"", ""x"": 32, ""y"": 35}, {""ground_truth_class_index"": 4, ""ground_truth_class_name"": ""forest"", ""kl"": 0.34570214388413234, ""predicted_class_index"": 4, ""predicted_class_name"": ""forest"", ""x"": 30, ""y"": 33}, {""ground_truth_class_index"": 4, ""ground_truth_class_name"": ""forest"", ""kl"": 0.3397304023049912, ""predicted_class_index"": 4, ""predicted_class_name"": ""forest"", ""x"": 3, ""y"": 10}, {""ground_truth_class_index"": 0, ""ground_truth_class_name"": ""empty"", ""kl"": 0.335881447740768, ""predicted_class_index"": 0, ""predicted_class_name"": ""empty"", ""x"": 38, ""y"": 16}, {""ground_truth_class_index"": 4, ""ground_truth_class_name"": ""forest"", ""kl"": 0.3346538699169104, ""predicted_class_index"": 4, ""predicted_class_name"": ""forest"", ""x"": 34, ""y"": 17}]",,
